4.146256446838378906e+00
-4.616376399993896484e+00
-8.408607244491577148e-01
5.168344974517822266e+00
4.376678466796875000e+00
6.624224185943603516e-01
-6.154029369354248047e-01
-6.299419403076171875e-01
-7.047749042510986328e+00
-5.583084583282470703e+00
-2.872792720794677734e+00
1.713216543197631836e+00
-2.851550579071044922e+00
-9.800591468811035156e-01
-6.017652988433837891e+00
9.160252571105957031e+00
1.767661809921264648e+00
6.282424449920654297e+00
-3.454916954040527344e+00
-6.995509147644042969e+00
3.693891525268554688e+00
1.826707273721694946e-01
-5.003291964530944824e-01
7.583629131317138672e+00
1.585415720939636230e+00
3.678242444992065430e+00
1.941487669944763184e+00
4.001203060150146484e+00
-2.868443727493286133e+00
-7.967219948768615723e-01
5.350793361663818359e+00
2.522667884826660156e+00
-2.550830125808715820e+00
-8.369924500584602356e-03
1.718974471092224121e+00
-1.408276081085205078e+00
-2.636980295181274414e+00
-1.516074299812316895e+00
-1.642635345458984375e+00
2.455102920532226562e+00
-1.421428680419921875e+00
4.537166118621826172e+00
4.065571784973144531e+00
1.032522916793823242e+00
-4.236668586730957031e+00
3.479360044002532959e-01
5.294295787811279297e+00
2.553468942642211914e+00
-7.771753311157226562e+00
5.527408719062805176e-01
8.462828397750854492e-01
-4.891387939453125000e+00
1.193270325660705566e+00
-3.117392361164093018e-01
1.509163141250610352e+00
-3.005304813385009766e+00
-2.670969009399414062e+00
-5.772477984428405762e-01
-1.400798112154006958e-01
-2.187550961971282959e-01
-8.303245902061462402e-01
6.468472957611083984e+00
-4.753984928131103516e+00
1.974214076995849609e+00
-1.366640090942382812e+00
1.982432007789611816e-01
2.870523691177368164e+00
2.152075052261352539e+00
6.493463516235351562e-01
1.868608713150024414e+00
4.724787712097167969e+00
-8.058904647827148438e+00
-2.595138788223266602e+00
-2.100214481353759766e+00
-9.263360500335693359e-01
1.933111667633056641e+00
2.674685478210449219e+00
-1.546723842620849609e+00
2.947259187698364258e+00
-8.483134508132934570e-01
2.064903974533081055e+00
7.645325660705566406e+00
-1.385458827018737793e+00
1.797853589057922363e+00
-2.020016193389892578e+00
6.984190464019775391e+00
4.679069295525550842e-02
-2.217595577239990234e+00
1.066048145294189453e-01
6.800546646118164062e-01
4.851005077362060547e+00
2.014356851577758789e+00
-4.883233547210693359e+00
4.015511035919189453e+00
6.562848567962646484e+00
-3.649678945541381836e+00
-9.510238766670227051e-01
-4.062417984008789062e+00
-1.560859441757202148e+00
-4.595788955688476562e+00
-1.886007934808731079e-01
-3.715587258338928223e-01
-1.596805453300476074e+00
-8.181428909301757812e+00
2.470759391784667969e+00
3.634169101715087891e+00
-5.874608516693115234e+00
4.168402671813964844e+00
-2.168831586837768555e+00
-2.985012769699096680e+00
1.145278930664062500e+00
2.666247367858886719e+00
-2.547897815704345703e+00
4.333583116531372070e-01
1.716153502464294434e+00
-3.845484018325805664e+00
-1.289463162422180176e+00
-2.125689506530761719e+00
7.074470520019531250e-01
-7.047911882400512695e-01
3.842704772949218750e+00
1.677287101745605469e+00
-2.261027097702026367e+00
2.857689261436462402e-01
7.304761886596679688e+00
1.208866238594055176e+00
-2.610181570053100586e+00
-1.619072079658508301e+00
4.361032247543334961e-01
-2.867298126220703125e+00
-1.027178883552551270e+00
-1.519975781440734863e+00
-2.859784364700317383e+00
-3.896811485290527344e+00
1.327503085136413574e+00
5.066483616828918457e-01
5.839956998825073242e-01
3.740242719650268555e+00
3.571770668029785156e+00
-1.626420170068740845e-01
-3.917729139328002930e+00
5.040660500526428223e-01
-2.256758928298950195e+00
-2.161193847656250000e+00
2.691511392593383789e+00
1.508081793785095215e+00
4.671687632799148560e-02
-9.380295276641845703e-01
-2.335703969001770020e-01
7.709614038467407227e-01
7.027176618576049805e-01
-1.518693804740905762e+00
2.375211954116821289e+00
-4.074611186981201172e+00
-9.861199259757995605e-01
3.012482881546020508e+00
-4.421220779418945312e+00
-2.241562843322753906e+00
-7.191768288612365723e-01
1.774660348892211914e+00
2.817918777465820312e+00
-4.477419853210449219e+00
-7.069752216339111328e-01
-3.740464448928833008e+00
-2.829539060592651367e+00
3.697580099105834961e+00
2.053210258483886719e+00
-3.498664855957031250e+00
-1.985333561897277832e+00
8.851060867309570312e-01
1.241523772478103638e-01
1.059943079948425293e+00
-9.295709133148193359e-01
-2.120241880416870117e+00
-3.732921183109283447e-01
2.055167675018310547e+00
-4.995165348052978516e+00
-1.493720889091491699e+00
-5.301755905151367188e+00
2.589102029800415039e+00
3.935457468032836914e-01
2.406218051910400391e+00
-7.692296504974365234e-01
3.955513477325439453e+00
-3.378054380416870117e+00
-6.017379760742187500e+00
2.416892766952514648e+00
-2.350475549697875977e+00
-2.728066146373748779e-01
-4.514259338378906250e+00
-2.440343379974365234e+00
-2.887914419174194336e+00
2.620537519454956055e+00
-1.236251965165138245e-01
-4.503990173339843750e+00
-2.761483192443847656e+00
4.840469837188720703e+00
-2.298203945159912109e+00
2.257664501667022705e-02
-2.141079187393188477e+00
-4.638002872467041016e+00
-3.808082342147827148e+00
1.482799410820007324e+00
1.520473718643188477e+00
-4.032054424285888672e+00
3.478865027427673340e-01
1.432066798210144043e+00
1.247178792953491211e+00
-1.940282106399536133e+00
-2.976326227188110352e+00
4.784966707229614258e-01
-5.746817588806152344e-01
8.048951625823974609e-01
8.091941833496093750e+00
-1.585022807121276855e+00
-2.755295038223266602e+00
-4.407034873962402344e+00
-9.043156504631042480e-01
-2.295068502426147461e+00
5.321838855743408203e+00
2.629594087600708008e+00
2.402168750762939453e+00
9.980432987213134766e-01
-6.100898608565330505e-02
-2.856871128082275391e+00
7.894389629364013672e-01
-1.305646181106567383e+00
1.525190711021423340e+00
-2.871061325073242188e+00
-1.140247464179992676e+00
-9.865817427635192871e-01
7.837274670600891113e-01
3.708521127700805664e+00
2.322780847549438477e+00
1.670774102210998535e+00
-2.772474288940429688e-02
3.027191877365112305e+00
-3.559519052505493164e+00
-1.174823343753814697e-01
2.471472740173339844e+00
2.258497029542922974e-01
8.765588998794555664e-01
-2.581334486603736877e-02
-4.278784692287445068e-01
-5.280738830566406250e+00
7.593084335327148438e+00
1.851322293281555176e+00
1.647310376167297363e+00
-1.282507061958312988e+00
4.241787910461425781e+00
4.434212207794189453e+00
-8.883527755737304688e+00
8.328433036804199219e-01
-4.857224464416503906e+00
-7.930905818939208984e-01
7.868053019046783447e-02
-3.636142015457153320e+00
1.359203577041625977e+00
-4.208360671997070312e+00
-1.088819742202758789e+00
3.481819629669189453e+00
-3.514693975448608398e-01
-2.358473300933837891e+00
1.766852736473083496e+00
3.982550501823425293e-01
1.558764219284057617e+00
-3.934462666511535645e-01
7.639712333679199219e+00
-8.746178150177001953e-01
-4.201977252960205078e-01
9.156524658203125000e+00
4.380668163299560547e+00
-8.511371016502380371e-01
-5.818391442298889160e-01
4.137935161590576172e+00
2.920405626296997070e+00
-2.523919641971588135e-01
-3.450288772583007812e+00
2.760485887527465820e+00
2.570873737335205078e+00
3.116683959960937500e+00
1.480536341667175293e+00
-3.553313016891479492e+00
-5.273469924926757812e+00
-2.032159566879272461e-01
2.568478107452392578e+00
5.211893320083618164e-01
-4.908229708671569824e-01
-4.148220062255859375e+00
6.829624176025390625e-01
1.000086307525634766e+00
-6.283453464508056641e+00
-7.300038337707519531e-01
3.589545249938964844e+00
-1.673759341239929199e+00
2.395308732986450195e+00
-5.291721820831298828e-01
5.528158664703369141e+00
2.382491588592529297e+00
-2.583841562271118164e+00
-7.974211573600769043e-01
-1.798994302749633789e+00
-2.430979490280151367e+00
-7.721365094184875488e-01
-4.323303699493408203e+00
1.318554759025573730e+00
4.817272424697875977e-01
-6.101461887359619141e+00
-6.249597668647766113e-01
5.748378753662109375e+00
3.893889427185058594e+00
2.572246551513671875e+00
-2.258922457695007324e-01
-9.025334119796752930e-01
1.168002009391784668e+00
-1.432682275772094727e+00
-3.439131975173950195e-01
4.445071697235107422e+00
1.219456791877746582e+00
-4.219887733459472656e+00
-2.383446693420410156e-02
5.535713195800781250e+00
-2.149857759475708008e+00
7.915698289871215820e-01
-3.654926419258117676e-01
2.318167924880981445e+00
2.462530612945556641e+00
-4.844600707292556763e-02
7.037702560424804688e+00
2.364337444305419922e+00
-3.175122976303100586e+00
3.207851886749267578e+00
6.037304401397705078e+00
4.231668412685394287e-01
1.499741435050964355e+00
5.554793834686279297e+00
6.652533054351806641e+00
1.207677602767944336e+00
1.326078891754150391e+00
1.572648882865905762e+00
8.275271654129028320e-01
1.446788549423217773e+00
6.642594337463378906e-01
-1.775900602340698242e+00
-2.396822214126586914e+00
-4.796509444713592529e-01
-3.098406553268432617e+00
2.228007078170776367e+00
1.462052345275878906e+00
1.155544161796569824e+00
-5.231370925903320312e+00
-1.783841371536254883e+00
-1.074927091598510742e+00
-2.339165210723876953e+00
-3.726589918136596680e+00
-1.166005969047546387e+00
8.424349427223205566e-01
5.138356685638427734e-01
-3.933021783828735352e+00
-5.631120800971984863e-01
4.658342301845550537e-01
-5.293780803680419922e+00
2.535451650619506836e+00
-4.704566001892089844e+00
-4.900001049041748047e+00
4.957990169525146484e+00
1.311622500419616699e+00
-3.794569015502929688e+00
2.998032093048095703e+00
3.641162633895874023e+00
-8.175357818603515625e+00
4.351024150848388672e+00
-7.692806720733642578e-01
4.186879634857177734e+00
1.053755164146423340e+00
1.027338862419128418e+00
2.837482690811157227e+00
1.650593638420104980e+00
2.175038307905197144e-01
-4.746786594390869141e+00
4.674052238464355469e+00
-9.880146980285644531e-01
1.072920799255371094e+00
-3.798700332641601562e+00
-3.118685007095336914e+00
-1.111945211887359619e-01
1.847245097160339355e+00
-5.079513192176818848e-01
2.339762926101684570e+00
-1.044637322425842285e+00
9.065300226211547852e-01
-1.715238094329833984e+00
9.631028771400451660e-01
7.232552170753479004e-01
2.888098001480102539e+00
1.014510631561279297e+01
-6.219925880432128906e+00
3.944197595119476318e-01
4.377321720123291016e+00
-2.324291229248046875e+00
-1.852877140045166016e+00
7.232345342636108398e-01
-1.771283388137817383e+00
1.229314208030700684e+00
2.428638696670532227e+00
-2.496742010116577148e+00
-3.993932008743286133e-01
3.435759067535400391e+00
-7.230884432792663574e-01
-4.829905986785888672e+00
5.064958572387695312e+00
6.166689395904541016e+00
-1.007135510444641113e+00
-2.142851054668426514e-01
-2.210302114486694336e+00
-3.063343048095703125e+00
5.258362293243408203e+00
-1.354208588600158691e+00
-1.389869809150695801e+00
4.710444927215576172e+00
-1.232774853706359863e+00
6.748263359069824219e+00
-2.499347209930419922e+00
-4.511696815490722656e+00
-1.645730733871459961e-01
3.115277767181396484e+00
-6.392781257629394531e+00
5.598531961441040039e-01
3.425065279006958008e+00
7.441866874694824219e+00
3.207969903945922852e+00
-1.558760285377502441e+00
-1.729440450668334961e+00
6.906622886657714844e+00
-8.311765670776367188e+00
-1.456057906150817871e+00
1.245189666748046875e+00
-3.003405570983886719e+00
2.562283277511596680e-01
-3.950906693935394287e-01
1.444240808486938477e+00
2.791060686111450195e+00
7.954521477222442627e-02
-4.749110221862792969e+00
6.194528341293334961e-01
2.943452119827270508e+00
-2.419769912958145142e-01
-1.038872480392456055e+00
2.179331302642822266e+00
8.250560164451599121e-01
3.051129579544067383e+00
-5.399617671966552734e+00
-5.075042247772216797e-01
2.836474180221557617e+00
6.797466278076171875e-01
-3.523325443267822266e+00
-1.120651602745056152e+00
-3.061194419860839844e+00
1.381883740425109863e+00
-6.664453744888305664e-01
-5.631906509399414062e+00
3.036198854446411133e+00
-3.342543542385101318e-01
5.969675183296203613e-01
2.015869617462158203e+00
1.553318262100219727e+00
-1.204350590705871582e+00
-7.390419840812683105e-01
2.553391933441162109e+00
-1.629403948783874512e+00
9.064581394195556641e-01
-1.737988829612731934e+00
4.393780708312988281e+00
-2.865688562393188477e+00
3.003467082977294922e+00
2.563984394073486328e+00
-1.145481109619140625e+00
-4.932156562805175781e+00
-1.689411401748657227e+00
7.023817896842956543e-01
-2.778675794601440430e+00
-4.495456695556640625e+00
3.393868446350097656e+00
2.571979761123657227e+00
3.357707500457763672e+00
8.862572908401489258e-01
2.448379993438720703e+00
1.519530534744262695e+00
-4.623958587646484375e+00
-1.240420103073120117e+00
2.281460046768188477e+00
1.551600694656372070e+00
4.239999055862426758e-01
1.373028755187988281e-01
7.707917094230651855e-01
-2.138159871101379395e-01
-1.858974337577819824e+00
2.472977191209793091e-01
-5.992151260375976562e+00
-1.591037511825561523e+00
1.003012537956237793e+00
-2.205753087997436523e+00
1.208307504653930664e+00
4.416535377502441406e+00
7.320782542228698730e-01
-1.309775948524475098e+00
2.925561189651489258e+00
6.414390206336975098e-01
1.247458577156066895e+00
1.914397776126861572e-01
-2.869859337806701660e-01
-2.961369752883911133e+00
3.137193918228149414e+00
3.034520864486694336e+00
-1.326893091201782227e+00
6.357728242874145508e-01
3.107026100158691406e+00
-5.148092508316040039e-01
-4.728523254394531250e+00
-7.954515218734741211e-01
3.019576668739318848e-01
9.456230998039245605e-01
-3.511001467704772949e-01
-6.364303112030029297e+00
-4.697955131530761719e+00
1.925690531730651855e+00
5.134049892425537109e+00
-3.777377128601074219e+00
-5.114467620849609375e+00
9.520092606544494629e-01
1.980728626251220703e+00
2.433753490447998047e+00
-3.068023920059204102e+00
1.047090053558349609e+00
5.038508892059326172e+00
1.094574093818664551e+00
2.590678930282592773e+00
-1.114830732345581055e+00
1.038609966635704041e-01
2.625627219676971436e-01
1.930725336074829102e+00
6.704306602478027344e-01
-5.179827213287353516e-01
-3.240853786468505859e+00
2.639381587505340576e-01
2.854583978652954102e+00
-3.907457828521728516e+00
4.027824401855468750e+00
3.417610883712768555e+00
7.994767427444458008e-01
-1.058716773986816406e+00
-2.856616735458374023e+00
8.691985130310058594e+00
-3.191758155822753906e+00
9.165854454040527344e-01
-3.098893880844116211e+00
2.758156538009643555e+00
-1.765614390373229980e+00
-7.087729573249816895e-01
-5.162330627441406250e+00
-3.147552967071533203e+00
1.637700200080871582e+00
2.812997817993164062e+00
-1.809041380882263184e+00
8.653545379638671875e-01
-1.149051666259765625e+00
-2.863565087318420410e-01
4.641785144805908203e+00
1.373121738433837891e+00
9.218208789825439453e-01
1.690399408340454102e+00
-2.384313821792602539e+00
-1.264341950416564941e+00
2.872840687632560730e-02
-2.615924358367919922e+00
-2.830400705337524414e+00
-3.974196434020996094e+00
3.888385534286499023e+00
-3.040197134017944336e+00
-3.950150489807128906e+00
1.193756699562072754e+00
1.701570153236389160e+00
-4.323414325714111328e+00
2.840123176574707031e-01
-3.765116631984710693e-01
1.460580468177795410e+00
7.800399065017700195e-01
3.005965948104858398e+00
1.864423394203186035e+00
-2.904278278350830078e+00
4.176008224487304688e+00
-4.306111812591552734e+00
3.066047467291355133e-02
-1.093964338302612305e+00
5.257470607757568359e+00
3.250237464904785156e+00
-3.450690269470214844e+00
1.774153828620910645e+00
1.255216598510742188e+00
2.906541526317596436e-01
-3.971242427825927734e+00
3.203035116195678711e+00
3.147497415542602539e+00
-1.374649107456207275e-01
-7.856394648551940918e-01
-1.489606261253356934e+00
-3.778566122055053711e+00
-5.189433693885803223e-02
-5.738886356353759766e+00
3.475173473358154297e+00
-3.796023368835449219e+00
2.240010738372802734e+00
-2.519121646881103516e+00
-1.295727849006652832e+00
3.590771913528442383e+00
-6.427221298217773438e+00
-1.148085474967956543e+00
2.807556390762329102e+00
-3.062411785125732422e+00
-3.556038379669189453e+00
-2.475831270217895508e+00
-4.760706901550292969e+00
9.708194136619567871e-01
5.422455787658691406e+00
-1.693240106105804443e-01
2.795331001281738281e+00
-2.843437433242797852e+00
9.962772130966186523e-01
2.576309919357299805e+00
-1.219917774200439453e+00
-3.858513355255126953e+00
-1.287400960922241211e+00
-2.282803535461425781e+00
2.652440309524536133e+00
7.875664830207824707e-01
1.287336111068725586e+00
-2.844654321670532227e+00
1.910896420478820801e+00
-1.686618626117706299e-01
-9.656223058700561523e-01
-2.177688360214233398e+00
-3.394961595535278320e+00
-1.105998396873474121e+00
-9.696241617202758789e-01
-2.595565795898437500e+00
1.574904799461364746e+00
-1.739805102348327637e+00
-1.987729072570800781e+00
3.528933763504028320e+00
-2.917877197265625000e+00
2.894414402544498444e-02
-1.022740639746189117e-02
-2.426911830902099609e+00
-1.461089015007019043e+00
2.823209762573242188e-01
1.299739181995391846e-01
-1.590362071990966797e+00
5.112761020660400391e+00
2.374208927154541016e+00
-3.799549579620361328e+00
-1.366129040718078613e+00
-5.251644849777221680e-01
-5.099217295646667480e-01
2.168914556503295898e+00
1.428698062896728516e+00
-3.997517347335815430e+00
-8.286017775535583496e-01
3.538546085357666016e+00
-1.087355256080627441e+00
-4.220894813537597656e+00
2.815940856933593750e+00
-4.049001693725585938e+00
-1.076957061886787415e-01
-9.962183833122253418e-01
1.825810194015502930e+00
-2.384011268615722656e+00
2.160248041152954102e+00
-6.329046487808227539e-01
-1.885284662246704102e+00
-2.043821096420288086e+00
-6.674456596374511719e-01
-9.176117777824401855e-01
1.189229965209960938e+00
-1.011371016502380371e+00
1.790146231651306152e+00
2.339656591415405273e+00
-3.887844085693359375e+00
2.451213359832763672e+00
9.977343678474426270e-01
-5.347129344940185547e+00
-5.819786787033081055e-01
2.581763744354248047e+00
1.198819756507873535e+00
1.212224841117858887e+00
-1.353635191917419434e+00
1.233034610748291016e+00
-1.563827991485595703e+00
-1.127217650413513184e+00
-1.018631100654602051e+00
-1.161473274230957031e+00
-3.110451221466064453e+00
-2.211225032806396484e+00
-1.487742185592651367e+00
2.151257276535034180e+00
-4.028553962707519531e+00
-4.605811238288879395e-01
-6.623742580413818359e+00
-1.902478575706481934e+00
-3.741320848464965820e+00
-2.031920671463012695e+00
1.826745390892028809e+00
-7.226099371910095215e-01
-2.169352322816848755e-01
1.714023470878601074e+00
3.884893417358398438e+00
2.872988700866699219e+00
-1.708419680595397949e+00
-4.050198793411254883e-01
4.350329041481018066e-01
-1.618097186088562012e+00
1.810274481773376465e+00
-5.226387023925781250e+00
5.359406948089599609e+00
1.403238773345947266e+00
-1.274322986602783203e+00
-1.586757779121398926e+00
3.684834480285644531e+00
-6.550180912017822266e-01
7.776839733123779297e-01
2.441135406494140625e+00
4.906116962432861328e+00
-2.828366041183471680e+00
1.092150092124938965e+00
-1.544266939163208008e+00
-5.052207782864570618e-02
7.044032812118530273e-01
7.115634918212890625e+00
2.785966157913208008e+00
-2.176748275756835938e+00
3.867411851882934570e+00
4.559781551361083984e+00
4.182316303253173828e+00
-2.801674842834472656e+00
-3.430411577224731445e+00
6.599484086036682129e-01
3.256748676300048828e+00
-1.042172074317932129e+00
-3.528388142585754395e-01
1.174491405487060547e+00
-1.024228215217590332e+00
3.026367187500000000e+00
-1.765542626380920410e-01
2.342008590698242188e+00
-1.792463541030883789e+00
-9.214990735054016113e-01
-2.721958875656127930e+00
-2.995543003082275391e+00
5.684066295623779297e+00
-4.894974529743194580e-01
3.349077939987182617e+00
1.180243372917175293e+00
-9.598204493522644043e-01
2.050467967987060547e+00
-1.416286587715148926e+00
-1.009836196899414062e+00
-2.376334667205810547e+00
1.783141970634460449e+00
-1.866361618041992188e+00
1.207338929176330566e+00
-4.012595713138580322e-01
2.034596681594848633e+00
9.606909155845642090e-01
-5.521897673606872559e-01
6.709487438201904297e-01
1.363914132118225098e+00
6.706003844738006592e-02
-1.560076922178268433e-01
-6.118526458740234375e+00
-5.524282932281494141e+00
5.566577911376953125e-01
4.528821945190429688e+00
-1.665710359811782837e-01
2.150038719177246094e+00
1.594575762748718262e+00
-3.410112380981445312e+00
4.120685756206512451e-01
7.262910902500152588e-02
-1.144314765930175781e+00
-2.143679857254028320e+00
1.102231502532958984e+00
3.774208724498748779e-01
3.362107753753662109e+00
2.070032358169555664e+00
5.583752155303955078e+00
-5.583523750305175781e+00
2.458964347839355469e+00
-4.880438327789306641e+00
4.656793117523193359e+00
2.526236772537231445e+00
1.725963830947875977e+00
4.617225825786590576e-01
4.832854494452476501e-02
-2.464233040809631348e-01
-4.302022457122802734e+00
3.689782142639160156e+00
-5.553954601287841797e+00
5.543583035469055176e-01
2.756741762161254883e+00
-4.140210628509521484e+00
-1.356068491935729980e+00
8.468120574951171875e+00
3.874083757400512695e+00
6.738390922546386719e-01
2.064434289932250977e+00
1.000431030988693237e-01
5.011442661285400391e+00
-4.111880302429199219e+00
4.678450107574462891e+00
-2.358014583587646484e+00
6.241703629493713379e-01
9.838291406631469727e-01
-1.722024559974670410e+00
-2.470230013132095337e-01
-5.966993570327758789e-01
-1.272065758705139160e+00
1.863977432250976562e+00
9.934651255607604980e-01
2.674278020858764648e-01
-1.457582861185073853e-01
9.951046109199523926e-01
1.142347693443298340e+00
8.635310530662536621e-01
1.008478641510009766e+00
-7.818297743797302246e-01
-1.075605079531669617e-01
2.568961620330810547e+00
2.461246728897094727e+00
1.736301898956298828e+00
-7.716141343116760254e-01
5.592102050781250000e+00
5.673494338989257812e+00
-2.263307720422744751e-01
2.325180053710937500e+00
2.277582883834838867e+00
-3.086318671703338623e-01
2.946051597595214844e+00
-2.614769339561462402e-01
-3.876426935195922852e+00
-9.093473553657531738e-01
4.382417678833007812e+00
1.677570819854736328e+00
-1.608661651611328125e+00
5.643035173416137695e-01
1.650181770324707031e+00
-1.923734188079833984e+00
1.581877708435058594e+00
-5.676925182342529297e+00
1.138679623603820801e+00
-3.874947309494018555e+00
-9.768099188804626465e-01
-3.904605627059936523e+00
-1.594472408294677734e+00
-4.846390724182128906e+00
-1.224676012992858887e+00
-1.212413161993026733e-01
2.679452300071716309e-02
1.140273928642272949e+00
3.504285335540771484e+00
3.210439682006835938e-01
1.490656379610300064e-02
3.406471252441406250e+00
-2.511496305465698242e+00
2.031430482864379883e+00
4.795929908752441406e+00
-2.723620414733886719e+00
3.587248325347900391e-01
-8.697432875633239746e-01
3.882066488265991211e+00
1.192031383514404297e+00
2.699890434741973877e-01
3.145188331604003906e+00
4.179196357727050781e+00
-4.573543965816497803e-01
-4.580903530120849609e+00
2.789061546325683594e+00
3.540287494659423828e+00
-9.974268265068531036e-03
-9.503610134124755859e-01
-7.789809226989746094e+00
-3.140066266059875488e-01
-6.719204187393188477e-01
-2.649074792861938477e+00
1.244508385658264160e+00
3.630080819129943848e-01
-5.319091320037841797e+00
-2.078944206237792969e+00
2.115977287292480469e+00
1.719878315925598145e+00
-1.655218601226806641e+00
-4.554875850677490234e+00
1.510398387908935547e+00
-1.132144331932067871e+00
6.394306421279907227e-01
-1.972936391830444336e+00
2.012441396713256836e+00
-6.145895481109619141e+00
4.474183082580566406e+00
4.637299060821533203e+00
-4.939805507659912109e+00
3.982681632041931152e-01
-1.904861211776733398e+00
3.012936830520629883e+00
2.075009822845458984e+00
-3.610422849655151367e+00
-4.065525531768798828e+00
-2.601600885391235352e+00
-5.142149925231933594e+00
-4.074586927890777588e-01
2.151971101760864258e+00
1.769755482673645020e+00
4.605320453643798828e+00
3.410238265991210938e+00
-9.165882468223571777e-01
4.187938213348388672e+00
1.025435566902160645e+00
1.215471744537353516e+00
4.545602798461914062e+00
-5.157999992370605469e+00
-6.353669762611389160e-01
5.847117304801940918e-02
3.939149379730224609e+00
2.895856089890003204e-02
2.966529130935668945e+00
5.193785667419433594e+00
-4.702655076980590820e-01
5.614329576492309570e-01
3.936309814453125000e+00
1.538507580757141113e+00
-7.251724600791931152e-01
1.265658736228942871e+00
-1.762840151786804199e+00
1.291306018829345703e+00
1.586058020591735840e+00
1.694196462631225586e+00
-1.735865116119384766e+00
-4.960246384143829346e-01
2.034653663635253906e+00
5.499778389930725098e-01
3.882172346115112305e+00
3.412508726119995117e+00
8.036843538284301758e-01
3.419434547424316406e+00
-7.820407152175903320e-01
3.371917009353637695e+00
3.136517047882080078e+00
-1.299924492835998535e+00
4.317222118377685547e+00
1.393746733665466309e+00
4.109474718570709229e-01
-1.930341124534606934e+00
8.350067734718322754e-01
1.894013762474060059e+00
2.101572275161743164e+00
3.712955713272094727e+00
5.778162479400634766e+00
-2.165248155593872070e+00
1.839279890060424805e+00
-1.734837174415588379e+00
-4.623075425624847412e-01
7.807629704475402832e-01
2.044687271118164062e+00
-3.946923971176147461e+00
2.271583080291748047e+00
6.012984737753868103e-02
7.175450921058654785e-01
-3.608121573925018311e-01
-1.586943745613098145e+00
-6.278284192085266113e-01
-2.739288806915283203e+00
1.735014557838439941e+00
-6.193180084228515625e+00
-2.087011337280273438e+00
1.550718069076538086e+00
1.943148493766784668e+00
2.496107339859008789e+00
-1.230890989303588867e+00
2.404106259346008301e-01
-2.688423991203308105e-01
-1.527704715728759766e+00
-3.656691789627075195e+00
1.605304956436157227e+00
6.405677795410156250e-01
-1.777849912643432617e+00
-6.011255383491516113e-01
9.330636858940124512e-01
7.734678983688354492e-01
8.888504505157470703e-01
2.244382381439208984e+00
-8.849256038665771484e-01
9.793710112571716309e-01
-4.846929311752319336e-01
3.699332475662231445e+00
6.536965370178222656e-01
5.915285348892211914e-01
5.693318843841552734e-01
-3.647805690765380859e+00
1.737690716981887817e-01
5.267201662063598633e-01
-3.194169282913208008e+00
-2.485824584960937500e+00
-6.075436592102050781e+00
4.755863666534423828e+00
-2.178712129592895508e+00
-2.431933164596557617e+00
1.358286619186401367e+00
-3.503410816192626953e+00
-1.460433751344680786e-01
6.756054759025573730e-01
3.307903289794921875e+00
-4.977302074432373047e+00
5.447638630867004395e-01
-2.427620649337768555e+00
1.086145758628845215e+00
-2.935921669006347656e+00
