5.515961050987243652e-01
-1.985242247581481934e+00
-1.039068222045898438e+00
5.724645614624023438e+00
3.988409042358398438e+00
1.002097702026367188e+01
-1.950761079788208008e+00
2.743506729602813721e-01
-8.236224055290222168e-01
-4.826210498809814453e+00
-5.332427620887756348e-01
-7.569340705871582031e+00
4.309639930725097656e+00
-9.992018938064575195e-01
-5.534727096557617188e+00
7.016576290130615234e+00
3.433243036270141602e-01
4.523271560668945312e+00
-6.653326988220214844e+00
-3.045106172561645508e+00
-2.532240867614746094e+00
-3.774411916732788086e+00
1.489833831787109375e+00
4.980096817016601562e+00
3.184197902679443359e+00
2.532492399215698242e+00
-3.369975984096527100e-01
3.192768335342407227e+00
-3.667153716087341309e-01
2.762779593467712402e-01
-3.103053569793701172e-01
-1.206897735595703125e+00
-3.052418231964111328e+00
-3.284302651882171631e-01
4.497298300266265869e-01
-1.489924073219299316e+00
2.929151356220245361e-01
-1.976565241813659668e+00
-1.519405245780944824e+00
3.058340787887573242e+00
4.103308200836181641e+00
-1.015654325485229492e+00
1.699056863784790039e+00
-2.476585149765014648e+00
1.966328144073486328e+00
-1.952828884124755859e+00
4.888714790344238281e+00
-1.486416816711425781e+00
9.455437064170837402e-01
3.657579123973846436e-01
-5.627912044525146484e+00
2.238870561122894287e-01
4.575822353363037109e+00
2.690593242645263672e+00
3.385420083999633789e+00
-4.030520915985107422e+00
-2.707383871078491211e+00
-1.051490783691406250e+00
-2.612882852554321289e+00
1.664779931306838989e-01
-2.177914142608642578e+00
6.694650173187255859e+00
-6.271457195281982422e+00
-2.197250276803970337e-01
-6.798132658004760742e-01
-2.978008031845092773e+00
-2.207673549652099609e+00
-4.058299064636230469e+00
1.633986644446849823e-02
-2.511013269424438477e+00
2.006195783615112305e+00
-3.999692916870117188e+00
-1.176252245903015137e+00
-2.019475102424621582e-01
-9.368301033973693848e-01
9.184842109680175781e-01
1.711485981941223145e-01
3.755550086498260498e-02
3.900600671768188477e-01
5.403882980346679688e+00
1.556684613227844238e+00
9.749986648559570312e+00
1.074272274971008301e+00
2.635816037654876709e-01
4.402977228164672852e-02
2.419646024703979492e+00
1.998540878295898438e+00
4.221487343311309814e-01
-7.329812049865722656e-01
1.784986019134521484e+00
-1.805903077125549316e+00
6.147037982940673828e+00
-4.741799235343933105e-01
-6.228819489479064941e-03
3.478494644165039062e+00
-4.589892625808715820e-01
-2.546016693115234375e+00
-9.336431026458740234e-01
-1.986413359642028809e+00
-5.299471616744995117e-01
-6.029267311096191406e-01
-2.294102668762207031e+00
-3.602976083755493164e+00
-6.168850421905517578e+00
3.332575321197509766e+00
5.856891155242919922e+00
-1.055133056640625000e+01
2.590729594230651855e-01
-1.341621130704879761e-01
-5.021770000457763672e+00
6.740387082099914551e-01
3.912155926227569580e-01
7.525821328163146973e-01
1.044463872909545898e+00
9.465677142143249512e-01
-2.020698070526123047e+00
3.526842594146728516e+00
-2.117147684097290039e+00
6.659976840019226074e-01
-2.574876308441162109e+00
5.378951549530029297e+00
-8.570234179496765137e-01
-9.731242060661315918e-02
-1.332624077796936035e+00
-3.422899007797241211e+00
4.376416504383087158e-01
-2.062782526016235352e+00
-1.591673493385314941e+00
2.420731544494628906e+00
-1.297689914703369141e+00
-3.096737563610076904e-01
-1.355865597724914551e+00
-3.683693170547485352e+00
-4.092895984649658203e+00
4.682071685791015625e+00
2.527196407318115234e+00
-1.526642560958862305e+00
3.163867950439453125e+00
2.063695430755615234e+00
-8.203428983688354492e-01
-1.957992792129516602e+00
-5.641252994537353516e-01
-2.984463453292846680e+00
-2.928077936172485352e+00
-1.975328087806701660e+00
1.833423137664794922e+00
-7.691099047660827637e-01
-1.172349691390991211e+00
2.241723060607910156e+00
-5.961079522967338562e-02
-1.918592095375061035e+00
-2.773527860641479492e+00
-4.156885147094726562e+00
3.476744890213012695e-01
-1.037495493888854980e+00
6.035346031188964844e+00
-1.535868793725967407e-01
1.039556980133056641e+00
2.466399669647216797e+00
-1.397907495498657227e+00
2.987210154533386230e-01
1.957710504531860352e+00
5.486894249916076660e-01
-8.465034961700439453e-01
-7.284445166587829590e-01
-5.658704757690429688e+00
-6.229178905487060547e+00
-1.353495955467224121e+00
-1.954133629798889160e+00
-9.017497301101684570e-01
-2.481306552886962891e+00
4.055553913116455078e+00
2.497943162918090820e+00
-3.191406250000000000e+00
6.822462677955627441e-01
4.094843566417694092e-01
-4.540111541748046875e+00
-2.203201770782470703e+00
9.614967107772827148e-01
1.988590240478515625e+00
1.843262434005737305e+00
1.804895043373107910e+00
5.744146108627319336e-01
4.493698179721832275e-01
-1.813790202140808105e+00
8.506417870521545410e-01
3.728677272796630859e+00
1.568351536989212036e-01
-2.444893598556518555e+00
-6.096724271774291992e-01
-2.646065711975097656e+00
-5.300179868936538696e-02
-4.207588672637939453e+00
1.338714733719825745e-02
-2.937739372253417969e+00
-1.443972349166870117e+00
-2.282935857772827148e+00
-1.678096294403076172e+00
-4.075373411178588867e-01
-1.368190526962280273e+00
-3.285739898681640625e+00
-8.019092559814453125e+00
1.441062688827514648e+00
1.469998717308044434e+00
-2.233865976333618164e+00
-3.604461848735809326e-01
-9.018459916114807129e-01
2.282842546701431274e-01
-2.256330251693725586e+00
2.152466028928756714e-01
-1.163352251052856445e+00
1.342377066612243652e-01
-1.631269007921218872e-01
7.577104568481445312e+00
-1.566839694976806641e+00
-9.938204288482666016e-02
-2.256917953491210938e+00
-6.581615805625915527e-01
-4.685316562652587891e+00
1.241021871566772461e+00
3.428551435470581055e+00
2.646429300308227539e+00
3.435116291046142578e+00
1.807896047830581665e-01
2.248948216438293457e-01
-1.101877093315124512e+00
2.462755918502807617e+00
2.136847749352455139e-02
5.128770470619201660e-01
9.710018634796142578e-01
-1.160925388336181641e+00
1.429099678993225098e+00
1.888116121292114258e+00
-2.574962377548217773e+00
4.022435188293457031e+00
5.361930847167968750e+00
1.813802599906921387e+00
6.018698215484619141e+00
2.467241525650024414e+00
-3.285785198211669922e+00
-2.122928857803344727e+00
-4.510369300842285156e-01
-1.166669964790344238e+00
-5.814679861068725586e-01
-3.723374366760253906e+00
1.816978216171264648e+00
9.859247207641601562e-01
-2.091753005981445312e+00
-3.277463197708129883e+00
6.500428199768066406e+00
4.870326995849609375e+00
-9.374444961547851562e+00
8.459257483482360840e-01
3.609040498733520508e+00
3.592097759246826172e-01
8.237161040306091309e-01
3.451520800590515137e-01
1.743906855583190918e+00
-3.046404838562011719e+00
4.921872019767761230e-01
-1.711539864540100098e+00
-4.274815559387207031e+00
4.110530614852905273e-01
4.652045071125030518e-01
3.924627304077148438e+00
9.122926592826843262e-01
-1.549177765846252441e+00
-1.818487286567687988e+00
-1.277411937713623047e+00
-1.691763877868652344e+00
2.006599426269531250e+00
1.777164936065673828e+00
-3.441447615623474121e-01
-5.923888683319091797e-01
1.474807500839233398e+00
2.091801643371582031e+00
-1.086322426795959473e+00
-4.974587917327880859e+00
-1.538520216941833496e+00
5.949937820434570312e+00
4.188952445983886719e-01
8.089866638183593750e-01
-2.042174339294433594e+00
1.575418353080749512e+00
-1.353088498115539551e+00
2.864629745483398438e+00
2.448864728212356567e-01
2.637934446334838867e+00
-4.817573547363281250e+00
6.317958235740661621e-01
-3.165322780609130859e+00
8.833804130554199219e-01
-5.375218391418457031e+00
8.699713945388793945e-01
2.565824270248413086e+00
7.328867912292480469e+00
-2.291229218244552612e-01
3.380153656005859375e+00
4.113029956817626953e+00
-4.738304615020751953e-01
8.262161612510681152e-01
-2.644739627838134766e+00
-2.231065988540649414e+00
2.364240646362304688e+00
5.286687374114990234e+00
3.772992491722106934e-01
3.073114871978759766e+00
-1.265673995018005371e+00
-2.085824728012084961e+00
-1.604322195053100586e+00
4.775817394256591797e+00
5.946431756019592285e-01
-8.873032331466674805e-01
-6.500223875045776367e-01
1.206642627716064453e+00
-1.503342390060424805e+00
-2.160385370254516602e+00
9.766575098037719727e-01
-1.008746102452278137e-01
-3.278901875019073486e-01
-2.441957950592041016e+00
-2.742853403091430664e+00
3.263620734214782715e-01
-4.378729343414306641e+00
-2.352296113967895508e+00
-4.336643517017364502e-01
-2.635878622531890869e-01
5.674076080322265625e+00
-1.819473057985305786e-01
-6.472572326660156250e+00
-5.353289842605590820e-01
-1.106010556221008301e+00
7.279358863830566406e+00
6.954404115676879883e-01
-3.961658477783203125e+00
7.250432491302490234e+00
-1.396355152130126953e+00
3.298750877380371094e+00
8.099326491355895996e-02
1.361628651618957520e+00
5.016735792160034180e-01
2.993573188781738281e+00
-1.786299705505371094e+00
-1.318808794021606445e+00
-3.171435117721557617e+00
-2.720782518386840820e+00
-1.069464564323425293e+00
1.442481517791748047e+00
-2.226279079914093018e-01
-1.079896926879882812e+00
-2.380919933319091797e+00
-1.095449209213256836e+00
1.972361207008361816e+00
-3.062568902969360352e+00
-3.047100305557250977e+00
-2.228994131088256836e+00
1.054439783096313477e+00
-2.209060430526733398e+00
-1.289817929267883301e+00
1.139822840690612793e+00
-5.236258029937744141e+00
-7.380867481231689453e+00
3.049813747406005859e+00
-2.711839199066162109e+00
-1.711751937866210938e+00
2.394340038299560547e-01
9.074477553367614746e-01
-3.937555313110351562e+00
2.020133495330810547e+00
1.709420204162597656e+00
-5.181666851043701172e+00
-2.433127641677856445e+00
2.530340909957885742e+00
-4.698232650756835938e+00
1.090322208404541016e+01
4.400619983673095703e+00
7.536714553833007812e+00
7.927393168210983276e-02
3.653945207595825195e+00
-4.162631511688232422e+00
3.302505731582641602e+00
-2.435101509094238281e+00
-9.389566779136657715e-01
-2.616351604461669922e+00
-9.005034446716308594e+00
6.768138408660888672e-01
3.406834602355957031e+00
4.381871521472930908e-01
1.026000976562500000e+00
4.957703649997711182e-01
1.281620740890502930e+00
-4.576464653015136719e+00
-2.508993148803710938e+00
3.013139963150024414e-01
5.882697582244873047e+00
4.456803798675537109e+00
-5.986457824707031250e+00
-2.640124082565307617e+00
-8.297536969184875488e-01
3.033282160758972168e-01
-3.373793363571166992e+00
4.543064117431640625e+00
-5.688316822052001953e+00
4.192038059234619141e+00
2.126856446266174316e-01
-2.352851152420043945e+00
9.365933537483215332e-01
-2.840636730194091797e+00
-1.359343647956848145e+00
-8.648186922073364258e-01
2.425144910812377930e+00
-1.565128087997436523e+00
-2.962131261825561523e+00
-3.870110988616943359e+00
-5.646383285522460938e+00
-2.158825874328613281e+00
7.557401180267333984e+00
-2.981248855590820312e+00
-2.386482954025268555e+00
1.492738604545593262e+00
-1.636657238006591797e+00
2.504617452621459961e+00
-3.634708881378173828e+00
-9.295863151550292969e+00
-1.889281749725341797e+00
3.095795214176177979e-01
-3.858114957809448242e+00
-3.743962287902832031e+00
-2.131640911102294922e+00
2.358737468719482422e+00
-1.585964560508728027e+00
-1.831237912178039551e+00
4.003635406494140625e+00
2.264205932617187500e+00
-3.042823076248168945e+00
7.159553170204162598e-01
2.263652563095092773e+00
2.704075872898101807e-01
-1.901589989662170410e+00
-9.285098314285278320e-01
2.226606369018554688e+00
-1.361175417900085449e+00
-4.955844402313232422e+00
-2.624750852584838867e+00
-1.614070534706115723e+00
-2.030527591705322266e+00
2.462765455245971680e+00
1.828277349472045898e+00
-1.062845826148986816e+00
-2.427522420883178711e+00
-1.558429837226867676e+00
-5.052845478057861328e+00
-2.447817087173461914e+00
5.977799415588378906e+00
4.508470058441162109e+00
-7.028114795684814453e+00
-1.824570894241333008e+00
-1.666594147682189941e+00
1.602865338325500488e+00
1.622980475425720215e+00
-3.572999954223632812e+00
1.573168396949768066e+00
2.398315429687500000e+00
-2.550936937332153320e+00
6.727077364921569824e-01
8.636506795883178711e-01
1.632809162139892578e+00
2.553318977355957031e+00
3.949515104293823242e+00
-5.697037577629089355e-01
3.632006168365478516e+00
-5.856087803840637207e-01
-2.496057301759719849e-01
-1.139309167861938477e+00
2.581756114959716797e+00
1.807620674371719360e-01
-2.513784408569335938e+00
-2.751934289932250977e+00
-1.319466710090637207e+00
3.381355285644531250e+00
3.096205711364746094e+00
-3.911937713623046875e+00
2.888364791870117188e+00
-5.580485343933105469e+00
5.014741420745849609e+00
-2.411726236343383789e+00
5.995081067085266113e-01
-3.891116380691528320e+00
-4.892291069030761719e+00
1.782798409461975098e+00
1.657914876937866211e+00
2.710455179214477539e+00
-1.015971064567565918e+00
-1.962582230567932129e+00
3.087336540222167969e+00
1.410724997520446777e+00
-1.247432470321655273e+00
-1.251013398170471191e+00
-6.121889591217041016e+00
7.162211537361145020e-01
-1.184071660041809082e+00
1.429436564445495605e+00
-2.284509539604187012e-01
1.282205343246459961e+00
3.416351556777954102e+00
3.748224377632141113e-01
-2.495809316635131836e+00
-7.569240927696228027e-01
3.693371057510375977e+00
-1.071457386016845703e+00
-3.397671878337860107e-02
-5.253403782844543457e-01
1.367575287818908691e+00
1.974975347518920898e+00
-2.104799270629882812e+00
-2.115344047546386719e+00
-1.282487988471984863e+00
-2.525418758392333984e+00
2.158126592636108398e+00
5.861375927925109863e-01
2.567141056060791016e+00
-7.114138007164001465e-01
-2.839884757995605469e-01
-5.795067548751831055e-01
-3.030411958694458008e+00
8.594710230827331543e-01
-1.121648788452148438e+00
-1.769898653030395508e+00
4.091009616851806641e+00
3.788366556167602539e+00
9.178528785705566406e-01
6.417032480239868164e-01
-7.471235394477844238e-01
2.945139169692993164e+00
-7.115457653999328613e-01
2.010028123855590820e+00
5.595328330993652344e+00
-2.631535530090332031e+00
-4.551199674606323242e-01
-1.161531567573547363e+00
-1.936585664749145508e+00
1.323639273643493652e+00
1.331954151391983032e-01
-2.091942787170410156e+00
3.540107488632202148e+00
1.930997371673583984e+00
-3.898330688476562500e+00
3.376603126525878906e-01
-1.485954761505126953e+00
5.245450973510742188e+00
-3.884584307670593262e-01
-2.840321362018585205e-01
5.692006587982177734e+00
-1.451785922050476074e+00
2.272300958633422852e+00
-3.138853073120117188e+00
-1.856846213340759277e+00
-1.119965672492980957e+00
-1.730464696884155273e-01
-7.576178908348083496e-01
-2.428945064544677734e+00
4.536729335784912109e+00
3.376595020294189453e+00
1.993656635284423828e+00
-8.554373681545257568e-02
-1.585110425949096680e+00
2.832129240036010742e+00
4.696307659149169922e+00
3.488174200057983398e+00
1.754102230072021484e+00
2.929521322250366211e+00
-2.866361141204833984e+00
-3.135614693164825439e-01
2.181060791015625000e+00
5.411322116851806641e+00
-3.600394248962402344e+00
1.094533652067184448e-01
1.692415237426757812e+00
7.556212544441223145e-01
2.535349845886230469e+00
9.538812041282653809e-01
9.754183888435363770e-01
-3.484279632568359375e+00
-1.949768185615539551e+00
-3.266036748886108398e+00
-2.232039928436279297e+00
5.164604663848876953e+00
1.324452280998229980e+00
1.722579956054687500e+00
7.688853740692138672e-01
1.055824398994445801e+00
-4.088814258575439453e+00
-2.145509468391537666e-03
-2.531353235244750977e+00
4.509204864501953125e+00
3.119293212890625000e+00
-7.981344699859619141e+00
-6.504787802696228027e-01
-6.920917034149169922e-01
6.533832550048828125e-01
-2.563344001770019531e+00
8.945411682128906250e+00
3.557025790214538574e-01
3.549361705780029297e+00
8.522957563400268555e-01
5.011397600173950195e-01
-4.624186038970947266e+00
1.671748518943786621e+00
-9.397249221801757812e-01
5.952697753906250000e+00
1.629700064659118652e+00
5.115646719932556152e-01
-1.950678110122680664e+00
2.860572040081024170e-01
-1.899876713752746582e+00
-7.586327195167541504e-01
-1.652154564857482910e+00
5.412925481796264648e-01
-2.724743366241455078e+00
-1.986896276473999023e+00
-1.944328665733337402e+00
-1.967524528503417969e+00
-2.395159721374511719e+00
3.414970159530639648e+00
-4.117237329483032227e-01
2.753017187118530273e+00
-5.121549367904663086e-01
9.089688658714294434e-01
-1.895965576171875000e+00
-3.614850044250488281e+00
-1.947679281234741211e+00
-1.292382955551147461e+00
1.508383750915527344e-01
1.080706000328063965e+00
1.979031682014465332e+00
3.529298305511474609e+00
-5.638704776763916016e+00
2.427840605378150940e-02
-1.848969697952270508e+00
-4.223290979862213135e-01
-1.783635318279266357e-01
-2.290693223476409912e-01
4.068048000335693359e+00
2.285009026527404785e-01
-1.941144943237304688e+00
-4.534370303153991699e-01
-4.754488170146942139e-01
2.726309299468994141e-01
3.551187038421630859e+00
-2.560841798782348633e+00
9.291789531707763672e-01
3.183403909206390381e-01
-2.967057704925537109e+00
6.108172535896301270e-01
-5.943348407745361328e+00
1.014717340469360352e+00
-3.432043790817260742e+00
4.410403251647949219e+00
2.220102787017822266e+00
-5.284799575805664062e+00
4.544492244720458984e+00
-1.339152932167053223e+00
3.561626076698303223e-01
-1.008157968521118164e+00
-4.913353919982910156e+00
-3.538723945617675781e+00
1.273270964622497559e+00
3.308314085006713867e+00
3.631845951080322266e+00
-4.336253166198730469e+00
1.677996993064880371e+00
-4.545615196228027344e+00
-1.928800702095031738e+00
-1.402195334434509277e+00
1.417078137397766113e+00
1.243975400924682617e+00
-2.460558891296386719e+00
2.641467809677124023e+00
-3.258028268814086914e+00
-1.691630959510803223e+00
-2.401854991912841797e+00
4.014813005924224854e-01
1.263441443443298340e+00
-3.583816766738891602e+00
4.124377727508544922e+00
1.169094681739807129e+00
-2.489446401596069336e+00
1.002382874488830566e+00
-1.156747221946716309e+00
-5.498647689819335938e+00
-6.022819995880126953e+00
1.470028638839721680e+00
-1.123184245079755783e-02
-2.969657182693481445e+00
-3.753962516784667969e+00
2.129712343215942383e+00
-4.281932353973388672e+00
-2.505633592605590820e+00
-2.215698003768920898e+00
-2.264106273651123047e+00
3.652227818965911865e-01
3.826615095138549805e+00
-2.577177882194519043e-01
2.962882280349731445e+00
-5.188211441040039062e+00
-4.184912681579589844e+00
-4.918425083160400391e+00
-1.581904888153076172e+00
1.288605183362960815e-01
-1.988773703575134277e+00
3.347087860107421875e+00
1.188122034072875977e+00
-4.384768009185791016e+00
5.746251344680786133e-01
1.632269620895385742e+00
3.479523897171020508e+00
-4.708946943283081055e-01
-1.351484179496765137e+00
-1.880143404006958008e+00
-2.393694162368774414e+00
1.247291445732116699e+00
-3.756334781646728516e+00
8.954935073852539062e+00
9.183816611766815186e-02
8.274089694023132324e-01
-2.497595846652984619e-01
6.976890563964843750e-01
3.021864652633666992e+00
4.602068424224853516e+00
7.501959800720214844e-01
1.151139259338378906e+00
-1.168122172355651855e+00
2.533686161041259766e+00
-2.758065462112426758e+00
9.760010242462158203e-01
6.255179643630981445e-01
5.716596603393554688e+00
-2.997226715087890625e+00
-1.861901879310607910e+00
2.163367509841918945e+00
4.304949760437011719e+00
-9.000495672225952148e-01
-1.295499682426452637e+00
-3.576901912689208984e+00
-6.801385283470153809e-01
2.639258623123168945e+00
2.225366115570068359e+00
-1.779333055019378662e-01
4.816160202026367188e+00
2.772320747375488281e+00
7.909207344055175781e-01
-5.836548283696174622e-03
7.826874256134033203e-01
-1.604365468025207520e+00
-1.647973179817199707e+00
-3.208209276199340820e+00
-1.799141049385070801e+00
5.295241832733154297e+00
9.653758406639099121e-01
2.958835065364837646e-01
3.058222532272338867e+00
-1.265647649765014648e+00
1.310401558876037598e+00
-2.356885671615600586e+00
1.652055740356445312e+00
-3.370762109756469727e+00
6.275892853736877441e-01
-4.415966987609863281e+00
-2.906502485275268555e-01
-4.024481773376464844e+00
-7.481832522898912430e-03
-2.566229581832885742e+00
-1.625621914863586426e-01
4.330582618713378906e+00
-1.259434700012207031e+00
-1.638943076133728027e+00
-4.914963245391845703e-01
-2.611671924591064453e+00
-6.238256931304931641e+00
1.616979360580444336e+00
-1.570686846971511841e-01
-1.625123858451843262e+00
7.986592054367065430e-01
-3.129574954509735107e-01
-3.382582426071166992e+00
1.025467991828918457e+00
3.741944074630737305e+00
-1.093406319618225098e+00
-5.945639014244079590e-01
-4.067388176918029785e-01
-4.456358850002288818e-01
3.091852553188800812e-02
1.459404706954956055e+00
1.583373665809631348e+00
-1.892006516456604004e+00
-1.035620212554931641e+00
-1.952722907066345215e+00
5.041903853416442871e-01
-1.231438279151916504e+00
5.615246772766113281e+00
-1.799739122390747070e+00
5.067400336265563965e-01
3.766226470470428467e-01
-2.355228662490844727e+00
-1.883803129196166992e+00
8.383699655532836914e-01
-8.249474316835403442e-02
2.039100885391235352e+00
-2.373490810394287109e+00
-7.466114759445190430e-01
2.755713701248168945e+00
5.978465557098388672e+00
1.630297541618347168e+00
2.832683324813842773e+00
-9.708075225353240967e-02
3.921880722045898438e+00
-3.778703451156616211e+00
1.557411432266235352e+00
-1.011897802352905273e+00
-1.747146129608154297e+00
-4.861360549926757812e+00
1.925147414207458496e+00
3.329924345016479492e+00
4.107903242111206055e-01
-2.027543306350708008e+00
4.957155287265777588e-01
2.067319631576538086e+00
5.557080507278442383e-01
9.307760596275329590e-01
-9.835286140441894531e-01
-5.598475933074951172e+00
3.014230728149414062e-01
2.758018493652343750e+00
3.341045230627059937e-02
2.128989696502685547e+00
1.698181152343750000e+00
-1.744714975357055664e+00
3.112056851387023926e-01
-1.425140500068664551e+00
6.673881053924560547e+00
4.781172752380371094e+00
1.445132732391357422e+00
-1.368026971817016602e+00
3.593789935111999512e-01
-1.833353519439697266e+00
1.933554887771606445e+00
-6.327303498983383179e-02
4.548131823539733887e-01
-2.459278821945190430e+00
-1.817010402679443359e+00
2.188328027725219727e+00
5.094471573829650879e-01
-1.485104084014892578e+00
1.491389393806457520e+00
-4.460637092590332031e+00
1.597907543182373047e+00
-4.629703044891357422e+00
2.426715373992919922e+00
-5.056213378906250000e+00
-4.421210289001464844e-01
-2.139862060546875000e+00
-5.861456394195556641e-01
-3.671074867248535156e+00
-2.093463420867919922e+00
3.174195528030395508e+00
3.863376080989837646e-01
1.238513469696044922e+00
5.903145790100097656e+00
1.663234233856201172e+00
-1.307931065559387207e+00
1.301137804985046387e+00
-3.169071197509765625e+00
-9.932218194007873535e-01
1.178544878959655762e+00
-3.345034837722778320e+00
5.837771296501159668e-01
-1.605527281761169434e+00
6.535915136337280273e-01
-1.647435426712036133e+00
1.168107271194458008e+00
-1.942292928695678711e+00
1.916841506958007812e+00
2.058707714080810547e+00
-1.763672351837158203e+00
1.551182746887207031e+00
1.742088317871093750e+00
-1.458094239234924316e+00
-7.676642537117004395e-01
-4.536292552947998047e+00
-4.511132240295410156e+00
6.202372312545776367e-01
1.273111343383789062e+00
1.511486649513244629e+00
-6.303866505622863770e-01
-5.573512554168701172e+00
7.430307567119598389e-02
3.586459636688232422e+00
-9.217401146888732910e-01
3.390523195266723633e-01
-1.828567534685134888e-01
4.257909297943115234e+00
-6.415087699890136719e+00
2.164564371109008789e+00
5.030983686447143555e-01
6.752495169639587402e-01
4.533502757549285889e-01
2.225662708282470703e+00
7.843204736709594727e-01
-2.586936950683593750e+00
-1.694621443748474121e+00
-4.320006668567657471e-01
4.818872928619384766e+00
3.320888042449951172e+00
-1.316543579101562500e+00
-1.040793418884277344e+00
-2.429176807403564453e+00
-4.446667194366455078e+00
-2.713543891906738281e+00
-2.532724618911743164e+00
-3.602209329605102539e+00
-1.112418413162231445e+00
1.163744568824768066e+00
1.862283587455749512e+00
5.401732444763183594e+00
-4.319042563438415527e-01
-1.499131560325622559e+00
4.527869701385498047e+00
-2.945745706558227539e+00
-3.383276462554931641e-01
2.235504388809204102e-01
3.379460334777832031e+00
-4.732879996299743652e-02
1.508360147476196289e+00
3.004789113998413086e+00
-3.102437257766723633e+00
1.652261972427368164e+00
1.234676957130432129e+00
-3.141098260879516602e+00
2.143141031265258789e+00
-1.526994705200195312e-01
3.582012176513671875e+00
6.010917425155639648e-01
3.873797416687011719e+00
6.741251349449157715e-01
2.039053678512573242e+00
-1.880984902381896973e-01
-1.470014929771423340e+00
3.353099822998046875e+00
4.627696990966796875e+00
3.385870456695556641e+00
-5.277490019798278809e-01
5.491970181465148926e-01
1.228483676910400391e+00
3.719597578048706055e+00
-2.558462142944335938e+00
-2.305756568908691406e+00
-1.721723228693008423e-01
-1.018271088600158691e+00
1.074713826179504395e+00
7.913239598274230957e-01
4.085462391376495361e-01
1.212994217872619629e+00
2.246734499931335449e-01
-3.651484847068786621e-01
1.581287980079650879e+00
2.845561981201171875e+00
1.054090738296508789e+00
1.782502293586730957e+00
3.903955698013305664e+00
-1.381246566772460938e+00
-1.249873161315917969e+00
3.960595428943634033e-01
-3.632183074951171875e-01
3.562047958374023438e+00
3.438108444213867188e+00
2.808131694793701172e+00
2.616427898406982422e+00
2.467668533325195312e+00
4.197326600551605225e-01
-3.156265497207641602e+00
-2.813341856002807617e+00
-1.611529350280761719e+00
3.143928289413452148e+00
4.017059206962585449e-01
-1.114241480827331543e+00
2.972740650177001953e+00
-1.215701937675476074e+00
-1.678825378417968750e+00
-1.430123448371887207e+00
-9.326688766479492188e+00
-3.011634588241577148e+00
-3.893397450447082520e-01
1.622632622718811035e+00
-6.876206398010253906e-01
5.385800600051879883e-01
1.268174797296524048e-01
3.658915519714355469e+00
4.503319263458251953e-01
-3.043274581432342529e-01
1.049231141805648804e-01
3.331263959407806396e-01
2.648247241973876953e+00
-4.895976543426513672e+00
1.826604723930358887e+00
-2.412657976150512695e+00
-2.265306234359741211e+00
-1.970499038696289062e+00
-1.900414466857910156e+00
-5.843977928161621094e-01
-8.241541981697082520e-01
-2.703300237655639648e+00
-3.281251192092895508e+00
1.920928806066513062e-01
1.239211201667785645e+00
-5.784730911254882812e-01
2.993632078170776367e+00
5.536375641822814941e-01
-7.940468788146972656e-01
2.408175706863403320e+00
-3.008041381835937500e+00
-2.149833202362060547e+00
-5.545573234558105469e-01
-2.992360353469848633e+00
-7.183061838150024414e-01
