4.369322359561920166e-01
-8.107236862182617188e+00
-1.023816943168640137e+00
7.652559757232666016e+00
1.261679381132125854e-01
6.089220046997070312e+00
-3.369408607482910156e+00
-8.045328259468078613e-01
-2.354878902435302734e+00
-5.121052742004394531e+00
1.470459818840026855e+00
-3.370231389999389648e-01
9.877301454544067383e-01
-9.767932891845703125e-01
-2.757947206497192383e+00
1.190460777282714844e+01
3.160780906677246094e+00
3.432036161422729492e+00
-4.613618850708007812e+00
-4.819448947906494141e+00
-2.325104176998138428e-02
5.448373556137084961e-01
3.572396039962768555e+00
2.702578306198120117e+00
4.980526924133300781e+00
1.163136124610900879e+00
2.977984845638275146e-01
-1.388763666152954102e+00
-5.516209125518798828e+00
-6.874549388885498047e+00
1.156443119049072266e+00
1.635747075080871582e+00
-2.644416570663452148e+00
-1.592070341110229492e+00
3.651623487472534180e+00
-1.522342443466186523e+00
-2.631704568862915039e+00
-6.224698424339294434e-01
1.598510265350341797e+00
2.066560983657836914e+00
1.722172379493713379e+00
2.678480386734008789e+00
1.675734043121337891e+00
8.925385475158691406e-01
-3.067064762115478516e+00
8.320543766021728516e-01
2.951789140701293945e+00
2.953734636306762695e+00
-3.189570665359497070e+00
-2.361470699310302734e+00
-3.406609535217285156e+00
1.281070828437805176e+00
2.488875389099121094e+00
-1.122285842895507812e+00
-3.426339626312255859e-01
-2.107929706573486328e+00
1.252425074577331543e+00
-8.540009856224060059e-01
-5.315845966339111328e+00
-1.776934862136840820e+00
-1.682168245315551758e+00
2.751073360443115234e+00
-4.903504371643066406e+00
8.287104368209838867e-01
-2.275517940521240234e+00
-2.838916778564453125e+00
8.401296734809875488e-01
4.986658394336700439e-01
-1.753614425659179688e+00
1.452466607093811035e+00
7.005123496055603027e-01
-5.298498153686523438e+00
-1.233357310295104980e+00
-1.521643519401550293e+00
1.117926001548767090e+00
5.492868646979331970e-02
1.846989542245864868e-01
1.248348116874694824e+00
2.735453367233276367e+00
-2.949770689010620117e+00
2.993626832962036133e+00
5.924661636352539062e+00
-6.920874714851379395e-01
-3.188775062561035156e+00
-1.984569668769836426e+00
1.160185694694519043e+00
1.207526028156280518e-01
1.192572474479675293e+00
-2.804574966430664062e+00
2.273644685745239258e+00
3.872691869735717773e+00
2.860496044158935547e+00
-3.902094364166259766e+00
1.641162633895874023e+00
6.434742450714111328e+00
-2.655090808868408203e+00
2.557207643985748291e-01
-5.818855285644531250e+00
-6.343594789505004883e-01
-3.354849576950073242e+00
-1.229200363159179688e+00
-1.903856396675109863e+00
-4.661597251892089844e+00
-5.288991928100585938e+00
6.247288584709167480e-01
3.343005180358886719e+00
-7.141046047210693359e+00
2.987672388553619385e-01
-2.953364253044128418e-01
-4.376340389251708984e+00
-4.308140277862548828e+00
3.020714759826660156e+00
-4.345194995403289795e-01
-6.183972358703613281e-01
1.019545555114746094e+00
-1.808006882667541504e+00
2.083835601806640625e+00
-1.592452406883239746e+00
3.394013941287994385e-01
4.667336121201515198e-02
5.205935955047607422e+00
9.857262969017028809e-01
-8.510766625404357910e-01
-2.274136543273925781e+00
1.865298271179199219e+00
8.998600244522094727e-01
-3.045253992080688477e+00
-3.048515081405639648e+00
-9.459339976310729980e-01
-4.343980312347412109e+00
2.456005573272705078e+00
-1.861959099769592285e+00
-3.357074856758117676e-01
-3.138494253158569336e+00
2.446037054061889648e+00
-1.910514116287231445e+00
1.697378516197204590e+00
7.513985782861709595e-02
1.998672008514404297e+00
1.476882100105285645e-01
-6.246195316314697266e+00
-2.023452281951904297e+00
2.739039421081542969e+00
-2.832034349441528320e+00
8.474064469337463379e-01
2.551619708538055420e-01
1.010004878044128418e+00
-8.576811105012893677e-02
1.520927667617797852e+00
-9.130778722465038300e-03
-6.288728117942810059e-02
-8.026877641677856445e-01
-2.386560916900634766e+00
-2.265047073364257812e+00
-1.708499550819396973e+00
4.843508720397949219e+00
1.149510264396667480e+00
-1.549005150794982910e+00
2.278879404067993164e+00
7.043091654777526855e-01
5.170968174934387207e-01
-1.765163779258728027e+00
1.295994400978088379e+00
-8.836784362792968750e-01
3.916674479842185974e-02
-1.767344772815704346e-01
9.987537562847137451e-02
-7.568183541297912598e-01
3.623220324516296387e-02
-6.496503204107284546e-02
4.654883742332458496e-01
2.266853570938110352e+00
-2.271961450576782227e+00
-2.514012813568115234e+00
5.111905187368392944e-02
-1.809949994087219238e+00
-2.191661119461059570e+00
7.181175947189331055e-01
-1.453718423843383789e+00
1.677517175674438477e+00
1.602873086929321289e+00
-7.804172635078430176e-01
-1.374363064765930176e+00
2.560395479202270508e+00
-2.290136575698852539e+00
-8.800571560859680176e-01
3.243264675140380859e+00
-5.617952346801757812e-01
-2.817638158798217773e+00
-4.079185426235198975e-01
-5.990645885467529297e+00
-1.940649628639221191e+00
5.416294097900390625e+00
-8.386363387107849121e-01
-3.102679252624511719e+00
-2.755935668945312500e+00
-9.880851209163665771e-02
-7.108674645423889160e-01
1.207108974456787109e+00
6.902857422828674316e-01
-5.520267009735107422e+00
-4.257761478424072266e+00
2.534719944000244141e+00
9.274485707283020020e-01
-1.408727407455444336e+00
-3.109269142150878906e-01
1.129896640777587891e+00
3.158592805266380310e-02
-4.139967441558837891e+00
-2.902131795883178711e+00
3.900398731231689453e+00
7.630615830421447754e-01
7.640339732170104980e-01
6.726925373077392578e+00
1.127577304840087891e+00
2.976372241973876953e-01
-2.924933910369873047e+00
-6.746944785118103027e-01
-3.487976551055908203e+00
1.247930765151977539e+00
2.823702096939086914e+00
1.737614750862121582e+00
-2.202556848526000977e+00
-4.837774634361267090e-01
-2.822775602340698242e+00
2.556943178176879883e+00
1.215791795402765274e-02
4.855979084968566895e-01
-3.932871818542480469e+00
1.051946401596069336e+00
3.434914350509643555e-02
-1.002445578575134277e+00
3.960615634918212891e+00
1.627302765846252441e-01
1.696536660194396973e+00
1.951006650924682617e+00
2.240843325853347778e-01
8.569611310958862305e-01
1.920134186744689941e+00
-2.679642438888549805e+00
-2.860200166702270508e+00
9.989464282989501953e-01
4.086730957031250000e+00
9.497153162956237793e-01
-2.186784982681274414e+00
5.692536354064941406e+00
8.577094674110412598e-01
8.599880933761596680e-01
2.234122604131698608e-01
4.749777317047119141e+00
3.581191301345825195e+00
-8.206211090087890625e+00
-3.980569913983345032e-02
-3.390374422073364258e+00
2.312695741653442383e+00
1.629804968833923340e-01
-9.179183840751647949e-01
3.067234516143798828e+00
-2.371718406677246094e+00
6.484786272048950195e-01
-3.681834042072296143e-01
-2.754014968872070312e+00
2.466526031494140625e-01
6.976307630538940430e-01
-7.253952324390411377e-02
4.173347651958465576e-01
-4.719284474849700928e-01
6.924403190612792969e+00
-2.345815658569335938e+00
8.613014817237854004e-01
7.268534183502197266e+00
1.248825788497924805e+00
1.510361671447753906e+00
-3.562896490097045898e+00
2.980063915252685547e+00
3.482272624969482422e+00
-1.315442562103271484e+00
-3.703445196151733398e+00
-6.198120117187500000e-01
2.506837129592895508e+00
3.140680789947509766e+00
1.114979684352874756e-01
-2.285561084747314453e+00
-5.530611038208007812e+00
3.538943290710449219e+00
4.404850006103515625e+00
1.893832802772521973e+00
1.499121665954589844e+00
-2.524329900741577148e+00
7.822757959365844727e-01
-2.768017292022705078e+00
-2.026517152786254883e+00
-1.491602182388305664e+00
-1.224260210990905762e+00
-2.285475254058837891e+00
-1.853805899620056152e+00
-1.883824467658996582e+00
4.255944252014160156e+00
1.273413658142089844e+00
1.358723193407058716e-01
-2.556870222091674805e+00
-1.255638360977172852e+00
-1.261623501777648926e+00
-5.248917341232299805e-01
6.146143674850463867e-01
1.897956609725952148e+00
7.704066485166549683e-02
-9.598125815391540527e-01
-6.154680252075195312e-02
2.333648443222045898e+00
7.834949970245361328e+00
-1.159833967685699463e-01
-2.217852622270584106e-01
-2.010177522897720337e-01
2.973827123641967773e+00
-2.049238443374633789e+00
1.189304709434509277e+00
-1.965157151222229004e+00
4.401978969573974609e+00
1.949012279510498047e+00
-8.894419074058532715e-01
4.740123271942138672e+00
1.267939090728759766e+00
-2.626248121261596680e+00
3.293477058410644531e+00
5.667359828948974609e-01
-1.186439871788024902e+00
-4.612959921360015869e-01
5.022025108337402344e+00
3.779806852340698242e+00
-2.249544143676757812e+00
3.547201454639434814e-01
4.334962844848632812e+00
7.917224764823913574e-01
-3.592139244079589844e+00
7.408789157867431641e+00
6.225350856781005859e+00
2.173915863037109375e+00
-1.702407240867614746e+00
5.440977096557617188e+00
-2.189347147941589355e-01
9.120801687240600586e-01
-2.075407505035400391e+00
6.300548315048217773e-01
-4.556433677673339844e+00
1.922444701194763184e+00
-3.905749559402465820e+00
3.013133525848388672e+00
-8.851042985916137695e-01
1.314943075180053711e+00
1.119184345006942749e-01
1.071524173021316528e-01
2.067580938339233398e+00
3.721276760101318359e+00
-3.926509380340576172e+00
-1.423259377479553223e+00
1.020436048507690430e+00
1.489032387733459473e+00
-4.978537261486053467e-01
-9.514627605676651001e-02
-4.659428119659423828e+00
-3.042633771896362305e+00
7.226839065551757812e-01
-3.277356147766113281e+00
-3.137267112731933594e+00
-2.026967257261276245e-01
-1.520311951637268066e+00
-3.302944660186767578e+00
2.377551317214965820e+00
-1.303680419921875000e+00
-5.553220748901367188e+00
2.079832792282104492e+00
1.236874103546142578e+00
-3.669812440872192383e+00
4.996668338775634766e+00
-5.030454993247985840e-01
3.458813667297363281e+00
2.269312858581542969e+00
5.362734198570251465e-01
-4.409616470336914062e+00
3.150854349136352539e+00
-7.650020718574523926e-01
-1.056652784347534180e+00
-4.336871623992919922e+00
-6.135065078735351562e+00
-1.104889273643493652e+00
-3.300204277038574219e-01
2.242020845413208008e+00
3.724425792694091797e+00
-2.292506456375122070e+00
1.322573542594909668e+00
-1.839675307273864746e+00
2.110784769058227539e+00
2.281773567199707031e+00
-5.378949046134948730e-01
5.264102935791015625e+00
-7.246913433074951172e+00
3.634512186050415039e+00
-2.707020640373229980e-01
2.672002315521240234e+00
-4.225968360900878906e+00
1.581577897071838379e+00
-3.845216274261474609e+00
3.601272404193878174e-02
-1.146294593811035156e+00
-3.128286123275756836e+00
3.701174557209014893e-01
-3.376379966735839844e+00
-1.455418229103088379e+00
-3.943657398223876953e+00
2.715188741683959961e+00
2.517054319381713867e+00
-3.322943687438964844e+00
-9.020041674375534058e-02
-4.288615226745605469e+00
2.434465646743774414e+00
3.533581018447875977e+00
-1.894125699996948242e+00
-3.223955154418945312e+00
1.345544099807739258e+00
-1.954074382781982422e+00
3.795580625534057617e+00
-2.519208431243896484e+00
-7.707619190216064453e+00
9.953981041908264160e-01
3.385141372680664062e+00
-6.192929267883300781e+00
-4.096360683441162109e+00
2.257739543914794922e+00
2.797618865966796875e+00
2.008550643920898438e+00
-2.928418815135955811e-01
-1.140523672103881836e+00
5.680783271789550781e+00
-5.959728717803955078e+00
-2.934714317321777344e+00
1.582914710044860840e+00
-3.657992601394653320e+00
-2.498885989189147949e-01
4.466731250286102295e-01
3.108912944793701172e+00
2.676430225372314453e+00
-5.971825122833251953e-01
-3.948227643966674805e+00
2.303460597991943359e+00
2.568733453750610352e+00
-4.724244475364685059e-01
-2.125443696975708008e+00
2.389237403869628906e+00
-1.127166748046875000e+00
6.055294990539550781e+00
-3.700006306171417236e-01
-4.579361438751220703e+00
4.339953422546386719e+00
4.162570476531982422e+00
-2.316442012786865234e+00
-9.858496785163879395e-01
-3.002050638198852539e+00
4.852436065673828125e+00
9.444495439529418945e-01
-6.035408973693847656e+00
1.315450787544250488e+00
1.631391286849975586e+00
-1.738981008529663086e-01
2.361930847167968750e+00
2.359101772308349609e+00
-7.983112335205078125e-01
4.613949358463287354e-02
1.594398856163024902e+00
-6.729222297668457031e+00
-1.185863375663757324e+00
-1.176746249198913574e+00
-9.737654924392700195e-01
-2.274853944778442383e+00
2.972936153411865234e+00
2.561186075210571289e+00
-4.858245849609375000e+00
-2.971960067749023438e+00
-2.422010660171508789e+00
2.593683481216430664e+00
-5.360847115516662598e-01
-3.739623546600341797e+00
3.656075477600097656e+00
-1.206622481346130371e+00
5.397785305976867676e-01
1.766417026519775391e+00
6.898555755615234375e-01
1.155443415045738220e-01
-3.085586309432983398e+00
2.153640270233154297e+00
1.702213764190673828e+00
2.394601583480834961e+00
-6.244221210479736328e+00
-2.420979976654052734e+00
5.718860030174255371e-01
2.853274822235107422e+00
-7.376785278320312500e-01
-2.662596702575683594e+00
-7.540033817291259766e+00
-1.543135166168212891e+00
-1.197846531867980957e+00
-8.879569768905639648e-01
-1.319236278533935547e+00
2.028484821319580078e+00
3.113569498062133789e+00
-1.634388208389282227e+00
9.628828167915344238e-01
-2.858357429504394531e-01
2.409438610076904297e+00
-2.182590961456298828e+00
1.240433812141418457e+00
-1.608928918838500977e+00
4.185742378234863281e+00
2.707086801528930664e+00
7.806126475334167480e-01
-2.086220979690551758e+00
2.072778224945068359e+00
-6.853480935096740723e-01
1.660594344139099121e-01
2.460039705038070679e-01
2.456696927547454834e-01
4.169280529022216797e+00
3.127027153968811035e-01
-3.117424488067626953e+00
-5.242728233337402344e+00
3.082647085189819336e+00
-1.885188579559326172e+00
-1.565721154212951660e+00
-1.434349417686462402e+00
6.278653740882873535e-01
5.211161613464355469e+00
2.019408702850341797e+00
-3.252667427062988281e+00
6.533485651016235352e-01
-5.659703612327575684e-01
6.559590816497802734e+00
3.559853076934814453e+00
-3.481163501739501953e+00
3.395483255386352539e+00
-3.471074998378753662e-01
9.885723888874053955e-02
-6.825446486473083496e-01
-7.984319925308227539e-01
-1.982639193534851074e+00
1.258130908012390137e+00
2.697237730026245117e+00
-5.508613109588623047e+00
4.278761863708496094e+00
3.640199303627014160e-01
2.106586456298828125e+00
-6.164717674255371094e-01
-1.902501136064529419e-01
5.024139881134033203e+00
-2.362635135650634766e+00
9.304649829864501953e-01
2.944703340530395508e+00
-4.825064241886138916e-01
1.387900948524475098e+00
1.762955188751220703e+00
-2.343601942062377930e+00
-3.951905250549316406e+00
2.742382049560546875e+00
3.365231513977050781e+00
-1.808618426322937012e+00
-6.585787534713745117e-01
-2.648992836475372314e-01
-1.217344045639038086e+00
7.273481845855712891e+00
2.433498620986938477e+00
6.349920034408569336e-01
3.489286899566650391e+00
9.624026417732238770e-01
9.081213474273681641e-01
2.575079441070556641e+00
2.604539394378662109e+00
-5.084948062896728516e+00
-3.602982521057128906e+00
5.098646163940429688e+00
-2.246772766113281250e+00
-2.903841733932495117e+00
6.233194470405578613e-01
9.858830571174621582e-01
-4.218492031097412109e+00
4.047632694244384766e+00
-2.883242845535278320e+00
1.448551893234252930e+00
3.755513668060302734e+00
3.470175981521606445e+00
-1.797375917434692383e+00
-6.417747139930725098e-01
3.171201944351196289e+00
-6.696906566619873047e+00
3.250738859176635742e+00
3.074980020523071289e+00
3.328369140625000000e+00
2.740174531936645508e+00
-5.207744598388671875e+00
1.733045428991317749e-01
-5.103201866149902344e-01
1.719664335250854492e+00
6.390409469604492188e-01
3.719648122787475586e+00
2.762876510620117188e+00
7.195916771888732910e-02
-4.873421788215637207e-02
1.730221152305603027e+00
-1.280738353729248047e+00
-1.786563754081726074e+00
-1.705142021179199219e+00
2.554243564605712891e+00
3.678738474845886230e-01
2.462705850601196289e+00
5.062658786773681641e-01
7.532263398170471191e-01
2.863897085189819336e+00
-4.518692970275878906e+00
-1.349770426750183105e+00
-1.430019587278366089e-01
-2.822373151779174805e+00
-5.867523670196533203e+00
-1.074441552162170410e+00
-6.761528253555297852e-01
-2.746527910232543945e+00
-1.198156952857971191e+00
-2.103800773620605469e+00
8.006751537322998047e-01
6.351503729820251465e-01
-8.187269568443298340e-01
-7.454232573509216309e-01
-3.859163522720336914e-01
-1.469125032424926758e+00
-2.297316789627075195e+00
-1.718361616134643555e+00
9.101729393005371094e-01
1.777169823646545410e+00
-4.013385772705078125e+00
-4.136319160461425781e+00
-2.442157030105590820e+00
-1.488921046257019043e-01
-1.701615095138549805e+00
-2.071553707122802734e+00
-1.161506772041320801e+00
1.315787911415100098e+00
-1.470638364553451538e-01
-2.418078660964965820e+00
2.123019933700561523e+00
-1.080525889992713928e-01
4.495134949684143066e-01
-7.598993182182312012e-01
-1.945510268211364746e+00
1.721135258674621582e+00
9.730528593063354492e-01
-4.767019748687744141e-01
1.023789882659912109e+00
-6.257118701934814453e+00
3.365425109863281250e+00
3.761980682611465454e-02
2.011197328567504883e+00
3.273362636566162109e+00
-3.858378887176513672e+00
-1.032239198684692383e+00
-2.072867870330810547e+00
-2.090745687484741211e+00
2.085092067718505859e+00
3.905939757823944092e-01
2.549102544784545898e+00
1.549299955368041992e+00
7.504820823669433594e-01
3.669678449630737305e+00
-2.762804269790649414e+00
1.207659482955932617e+00
-2.084960937500000000e+00
-2.397992849349975586e+00
1.232143044471740723e+00
1.678954601287841797e+00
-2.633064985275268555e-01
-3.514058828353881836e+00
1.520664572715759277e+00
1.896618366241455078e+00
4.279280304908752441e-01
-2.277194261550903320e+00
2.327842235565185547e+00
2.116713047027587891e+00
1.894956946372985840e+00
-1.243677258491516113e+00
-1.759770154953002930e+00
-3.999515056610107422e+00
-1.228010773658752441e+00
2.944292306900024414e+00
-4.210309982299804688e+00
-2.268294572830200195e+00
5.578957200050354004e-01
3.900291681289672852e+00
-1.458648145198822021e-01
1.348124265670776367e+00
-4.768210276961326599e-02
-4.445060253143310547e+00
-1.776683807373046875e+00
-2.015326768159866333e-01
2.176533937454223633e+00
-1.066236853599548340e+00
-1.979466319084167480e+00
7.138862609863281250e-01
4.902165830135345459e-01
-2.349020719528198242e+00
-4.133938789367675781e+00
-3.469896316528320312e+00
-2.633762598037719727e+00
-2.490422487258911133e+00
-2.569170713424682617e+00
3.275702714920043945e+00
8.743613362312316895e-01
-2.055685520172119141e+00
1.295611858367919922e+00
3.063432455062866211e+00
2.215719223022460938e+00
3.117475748062133789e+00
1.156252264976501465e+00
-1.209824681282043457e+00
-2.099382877349853516e+00
-1.466438621282577515e-01
-3.722060918807983398e+00
5.297382831573486328e+00
3.466924428939819336e+00
-7.772532701492309570e-01
1.607200384140014648e+00
-6.224356889724731445e-01
-1.120511293411254883e+00
1.178532600402832031e+00
1.469850659370422363e+00
6.080486178398132324e-01
6.123932003974914551e-01
2.638407468795776367e+00
-6.004693508148193359e+00
4.541394233703613281e+00
1.901704788208007812e+00
5.925765991210937500e+00
2.839808464050292969e-01
-3.020432032644748688e-02
3.332669436931610107e-01
4.361413002014160156e+00
3.755126714706420898e+00
1.119931936264038086e+00
1.549070924520492554e-01
-2.339645862579345703e+00
4.291520595550537109e+00
-1.158865809440612793e+00
1.373245716094970703e+00
-1.190095901489257812e+00
5.077662467956542969e+00
3.376610755920410156e+00
-6.876189708709716797e-01
1.207404017448425293e+00
6.621241092681884766e+00
-3.473777055740356445e+00
-1.119155406951904297e+00
-2.428270816802978516e+00
4.419009208679199219e+00
-1.552731513977050781e+00
-2.662737369537353516e+00
2.157934904098510742e+00
-4.254413127899169922e+00
7.628199458122253418e-01
-2.686254978179931641e+00
1.207472920417785645e+00
-6.615946769714355469e+00
-8.722400665283203125e-01
-2.054833620786666870e-01
-1.363649010658264160e+00
-8.019796609878540039e-01
3.688594579696655273e+00
-3.634851574897766113e-01
-1.872071266174316406e+00
2.397127449512481689e-01
-1.292395591735839844e+00
-2.173587083816528320e+00
9.464333653450012207e-01
-2.097002029418945312e+00
-5.084022998809814453e+00
-8.874177932739257812e-01
1.562582135200500488e+00
-1.011483550071716309e+00
-7.949236035346984863e-01
5.223479866981506348e-01
-5.652315616607666016e+00
4.893505573272705078e+00
5.188740730285644531e+00
-3.220666170120239258e+00
-2.419846057891845703e+00
-4.769903048872947693e-02
-3.063926696777343750e+00
5.499992370605468750e+00
1.525374174118041992e+00
3.966889858245849609e+00
-3.132621049880981445e+00
1.117315888404846191e+00
-3.127310276031494141e+00
3.791662693023681641e+00
-2.295664787292480469e+00
9.206453561782836914e-01
-5.187575817108154297e+00
8.909489512443542480e-01
-1.145275712013244629e+00
-2.768832683563232422e+00
8.626199960708618164e-01
-2.274323940277099609e+00
-2.268834352493286133e+00
2.169492483139038086e+00
2.264090061187744141e+00
3.794499486684799194e-02
5.512984275817871094e+00
4.031707763671875000e+00
7.517698407173156738e-01
3.607580065727233887e-01
-5.593037605285644531e-01
1.479500174522399902e+00
-2.361505985260009766e+00
3.971898555755615234e+00
-1.820127367973327637e+00
7.455866932868957520e-01
2.823990345001220703e+00
2.072790384292602539e+00
1.746217370033264160e+00
-5.772004127502441406e-01
-1.326655387878417969e+00
1.304567694664001465e+00
3.775009155273437500e+00
-2.476236104965209961e+00
-2.853938579559326172e+00
-2.756800174713134766e+00
1.825346648693084717e-01
1.282139539718627930e+00
4.503891944885253906e+00
-3.287155866622924805e+00
3.211387157440185547e+00
2.868095636367797852e-01
-1.392660498619079590e+00
-9.378578513860702515e-02
-1.078012585639953613e+00
9.037336349487304688e+00
4.605938434600830078e+00
1.539860844612121582e+00
6.713443398475646973e-01
1.426704883575439453e+00
-4.875453472137451172e+00
1.206455707550048828e+00
5.448839068412780762e-01
-2.251550197601318359e+00
3.022654056549072266e-01
7.431259155273437500e-01
3.750775098800659180e+00
2.374572455883026123e-01
-4.956062316894531250e+00
1.768748044967651367e+00
-2.781978130340576172e+00
3.496986627578735352e+00
-2.886064648628234863e-01
-4.675952434539794922e+00
-2.255375862121582031e+00
-1.544534444808959961e+00
-1.045606970787048340e+00
-1.251394748687744141e+00
-7.762315273284912109e+00
-2.437590509653091431e-01
8.423780798912048340e-01
3.175111293792724609e+00
4.169016480445861816e-01
4.350039482116699219e+00
7.542471289634704590e-01
1.667424798011779785e+00
1.474251896142959595e-01
-8.073157668113708496e-01
3.773436546325683594e+00
3.770624160766601562e+00
-5.146743774414062500e+00
2.151926517486572266e+00
2.661545872688293457e-01
3.076202869415283203e+00
2.782570362091064453e+00
-1.679829120635986328e+00
2.415213823318481445e+00
2.203717470169067383e+00
-4.190225124359130859e+00
-9.616309404373168945e-01
2.286325931549072266e+00
3.246795415878295898e+00
1.049765467643737793e+00
3.652126491069793701e-01
-8.442779779434204102e-01
-5.296075344085693359e-01
-1.273182511329650879e+00
-3.761481523513793945e+00
1.107848763465881348e+00
-6.018806099891662598e-01
-6.342458724975585938e+00
3.447513878345489502e-01
2.499028921127319336e+00
2.369062900543212891e+00
1.781521558761596680e+00
-2.033182621002197266e+00
3.442239761352539062e-01
-2.200552940368652344e+00
2.220511436462402344e+00
-4.547330379486083984e+00
2.064885199069976807e-01
-1.400048851966857910e+00
2.277172327041625977e+00
2.711310625076293945e+00
-3.690448522567749023e+00
-3.444047212600708008e+00
-1.692835807800292969e+00
3.745534658432006836e+00
3.251195907592773438e+00
-1.396204710006713867e+00
-3.132320404052734375e+00
-8.189524412155151367e-01
-5.528238773345947266e+00
-1.823874831199645996e+00
-2.679945230484008789e-01
-4.719231128692626953e-01
-4.904459416866302490e-01
-8.962135314941406250e-01
1.794609069824218750e+00
6.263529777526855469e+00
1.213855266571044922e+00
-1.136632800102233887e+00
3.156517028808593750e+00
-2.230646610260009766e+00
1.355364203453063965e+00
-2.514648139476776123e-01
3.405380010604858398e+00
-3.928356990218162537e-02
1.759759068489074707e+00
5.926835536956787109e+00
-3.705777600407600403e-02
4.071694374084472656e+00
-9.525932669639587402e-01
-1.012401819229125977e+00
4.728437066078186035e-01
2.913831710815429688e+00
-1.074673011898994446e-01
2.510363101959228516e+00
5.153958320617675781e+00
-2.128787040710449219e+00
1.670622706413269043e+00
-7.526324391365051270e-01
2.110091596841812134e-02
2.780744791030883789e+00
1.445816755294799805e+00
5.515930652618408203e-01
-4.415432453155517578e+00
-5.973172783851623535e-01
-1.367080092430114746e+00
-2.150939702987670898e+00
1.411467671394348145e+00
-2.069839000701904297e+00
3.431688070297241211e+00
1.136158943176269531e+00
-9.042273759841918945e-01
1.162129521369934082e+00
-4.560956954956054688e-01
-2.633338212966918945e+00
2.553181648254394531e+00
2.868317842483520508e+00
3.099860191345214844e+00
8.247321844100952148e-01
4.926372051239013672e+00
7.788146734237670898e-01
1.961679220199584961e+00
-2.167427539825439453e+00
-2.029847860336303711e+00
-1.049821257591247559e+00
1.596180915832519531e+00
9.121513366699218750e-01
3.169169664382934570e+00
4.371952056884765625e+00
2.513898134231567383e+00
-2.255077838897705078e+00
3.515456616878509521e-01
2.343389764428138733e-02
1.183128595352172852e+00
1.328004360198974609e+00
1.060232043266296387e+00
3.152457237243652344e+00
1.334427356719970703e+00
1.089458703994750977e+00
-3.947811126708984375e+00
-3.087648391723632812e+00
-2.958148479461669922e+00
-5.745690822601318359e+00
3.117236375808715820e+00
1.009024739265441895e+00
1.214986592531204224e-01
3.774686574935913086e+00
2.718906879425048828e+00
2.238920211791992188e+00
5.654374122619628906e+00
1.105855584144592285e+00
3.236199617385864258e-01
1.956720590591430664e+00
7.003282308578491211e-01
1.289888143539428711e+00
-2.749703407287597656e+00
5.854457855224609375e+00
3.141557693481445312e+00
-1.534402966499328613e+00
-1.132974147796630859e+00
3.111393749713897705e-02
-4.379662871360778809e-01
-5.380354881286621094e+00
-4.517875194549560547e+00
-1.231166481971740723e+00
-4.846496284008026123e-01
-4.997461736202239990e-01
-2.904617786407470703e+00
-2.826044082641601562e+00
-1.907874822616577148e+00
-2.696603536605834961e+00
3.223984241485595703e+00
-2.572018146514892578e+00
-1.689571380615234375e+00
-5.878883361816406250e+00
-1.395386904478073120e-01
-3.327471256256103516e+00
