4.406281471252441406e+00
-8.774183988571166992e-01
-9.288698434829711914e-01
1.545505642890930176e+00
4.246703147888183594e+00
8.444194793701171875e+00
-3.937073707580566406e+00
-3.456952095031738281e+00
-5.858951091766357422e+00
-3.808724641799926758e+00
2.353867441415786743e-01
4.826818943023681641e+00
-9.071775674819946289e-01
-8.126140832901000977e-01
-3.897740840911865234e+00
8.668416023254394531e+00
6.322619915008544922e+00
6.505239009857177734e+00
-6.351830005645751953e+00
-3.922778844833374023e+00
-2.019967555999755859e+00
2.289211750030517578e+00
-7.289404273033142090e-01
3.079160928726196289e+00
4.518723964691162109e+00
-5.963259339332580566e-01
-1.508997082710266113e+00
1.147453308105468750e+00
-4.373201370239257812e+00
-3.136245727539062500e+00
3.831898212432861328e+00
3.565299510955810547e+00
-2.882353782653808594e+00
-1.293483972549438477e+00
3.777626156806945801e-01
-1.429150462150573730e+00
-6.652811765670776367e-01
3.811257839202880859e+00
-9.695616364479064941e-01
-9.715301394462585449e-01
6.189390182495117188e+00
4.700295925140380859e+00
2.745506048202514648e+00
5.527729392051696777e-01
-2.615563631057739258e+00
1.923524856567382812e+00
2.055612087249755859e+00
-3.585338592529296875e-01
-7.847317457199096680e-01
-3.404905080795288086e+00
-2.463186979293823242e+00
3.109882473945617676e-01
-9.611649513244628906e-01
-9.923815131187438965e-01
-2.582567453384399414e+00
-3.416491448879241943e-01
-1.265339851379394531e+00
-1.441085815429687500e+00
-4.252017021179199219e+00
2.675847768783569336e+00
1.649516105651855469e+00
1.276415586471557617e+00
-2.191078186035156250e+00
4.401212036609649658e-01
-2.874184846878051758e+00
-2.325374841690063477e+00
2.999358892440795898e+00
-8.603002429008483887e-01
-2.451891422271728516e+00
-1.424350738525390625e+00
2.130944013595581055e+00
-7.889381408691406250e+00
-2.552117586135864258e+00
-1.436813712120056152e+00
-1.422397971153259277e+00
-3.521274805068969727e+00
3.729980289936065674e-01
4.550728321075439453e+00
1.614264845848083496e+00
-2.664471387863159180e+00
-6.816833019256591797e-01
4.679782867431640625e+00
2.218680143356323242e+00
-1.998486518859863281e+00
-3.061412334442138672e+00
3.074087381362915039e+00
-1.781139850616455078e+00
-5.774472951889038086e-01
-1.302652835845947266e+00
2.562084674835205078e+00
2.561135053634643555e+00
4.179990291595458984e+00
-3.775093555450439453e+00
1.907714366912841797e+00
8.050171852111816406e+00
-9.944758415222167969e-01
-1.322133541107177734e+00
-4.557180404663085938e+00
-1.960019588470458984e+00
-2.603002786636352539e+00
-1.547037124633789062e+00
-3.971015214920043945e+00
-3.059896230697631836e+00
-5.243418216705322266e+00
2.854879200458526611e-01
3.935122728347778320e+00
-6.470683097839355469e+00
-5.964739918708801270e-01
-2.538793325424194336e+00
-9.769742488861083984e-01
-1.315692782402038574e+00
1.886424303054809570e+00
-6.499466896057128906e-01
-8.781965970993041992e-01
4.585728168487548828e+00
-8.662457764148712158e-02
-3.324407339096069336e+00
-5.153738975524902344e+00
-1.828488111495971680e+00
-7.672823667526245117e-01
6.279730319976806641e+00
3.301507949829101562e+00
-2.168826103210449219e+00
-2.610166788101196289e+00
3.165790557861328125e+00
-2.372856587171554565e-01
-4.365299701690673828e+00
-4.638135433197021484e+00
3.342930674552917480e-01
-4.545304775238037109e+00
-9.153952002525329590e-01
-1.712173938751220703e+00
-8.964743018150329590e-01
-1.911729812622070312e+00
2.969236135482788086e+00
-2.023841619491577148e+00
-7.141039371490478516e-01
-5.441831350326538086e-01
1.359173774719238281e+00
-7.175491452217102051e-01
-5.642902851104736328e+00
-1.324515581130981445e+00
1.962804555892944336e+00
-4.018164157867431641e+00
-8.096907138824462891e-01
-1.691813953220844269e-02
4.565750598907470703e+00
8.781006336212158203e-01
-1.162756443023681641e+00
-2.271930456161499023e+00
1.474034667015075684e+00
-1.413681983947753906e+00
1.514819264411926270e+00
-9.636837244033813477e-01
-5.334248065948486328e+00
4.460827827453613281e+00
1.799945950508117676e+00
-7.973933219909667969e-01
1.767001628875732422e+00
2.650901794433593750e+00
1.911978721618652344e+00
-3.086038112640380859e+00
5.180314183235168457e-01
1.135565519332885742e+00
-1.524770140647888184e+00
4.435262680053710938e+00
1.978816032409667969e+00
-2.526954889297485352e+00
3.527757525444030762e-01
1.526797115802764893e-01
4.987108111381530762e-01
1.407889723777770996e+00
-1.591483831405639648e+00
2.488744735717773438e+00
4.966977611184120178e-02
-1.249558925628662109e+00
-4.329744815826416016e+00
-8.748549818992614746e-01
-2.369429588317871094e+00
-1.074312090873718262e+00
-5.225057005882263184e-01
-2.426876783370971680e+00
-4.538512527942657471e-01
4.922098159790039062e+00
-4.664507865905761719e+00
-3.766757011413574219e+00
1.283220171928405762e+00
-1.310676693916320801e+00
-2.849884986877441406e+00
-1.339652419090270996e+00
-1.998345136642456055e+00
-4.383314132690429688e+00
-4.255629777908325195e-01
-1.608451604843139648e+00
-3.674337387084960938e+00
-2.733813762664794922e+00
-1.978013217449188232e-01
-2.846278667449951172e+00
-2.902037799358367920e-01
-2.449780702590942383e+00
-5.804940700531005859e+00
-6.795828819274902344e+00
2.166991710662841797e+00
1.553531289100646973e+00
-1.457844376564025879e+00
1.150312662124633789e+00
2.976515702903270721e-02
3.240579843521118164e+00
-4.357758522033691406e+00
-4.036128997802734375e+00
4.330303192138671875e+00
3.166630268096923828e+00
1.020272612571716309e+00
5.913266181945800781e+00
-5.809412002563476562e-01
-4.504619121551513672e+00
-2.030112266540527344e+00
3.228120207786560059e-01
1.535325944423675537e-01
5.295423984527587891e+00
1.467516303062438965e+00
3.207674741744995117e+00
5.185289382934570312e+00
-7.337959110736846924e-02
-3.667427539825439453e+00
2.160453081130981445e+00
-9.286936521530151367e-01
-1.763111948966979980e+00
-1.807494997978210449e+00
6.331354975700378418e-01
-1.881523847579956055e+00
1.539915800094604492e+00
-3.179306387901306152e-01
3.638566493988037109e+00
3.204690694808959961e+00
-1.063346624374389648e+00
3.611563444137573242e-01
-2.031776428222656250e+00
4.597725272178649902e-01
-2.058176517486572266e+00
-1.267401456832885742e+00
-7.477892213501036167e-04
1.223276138305664062e+00
1.075935125350952148e+00
-2.902228116989135742e+00
3.767674207687377930e+00
3.433998301625251770e-02
5.130730152130126953e+00
-4.264634847640991211e-01
3.169760227203369141e+00
1.333872318267822266e+00
-8.419665336608886719e+00
-2.503814101219177246e-01
-5.735056400299072266e+00
2.935872793197631836e+00
-2.489479780197143555e+00
3.739288747310638428e-01
6.944432258605957031e+00
-2.530797958374023438e+00
-1.408502459526062012e+00
4.992243647575378418e-01
-2.271249532699584961e+00
-1.613121926784515381e-01
1.463767290115356445e+00
-4.135641574859619141e+00
3.497850000858306885e-01
-3.793539106845855713e-01
6.923756122589111328e+00
-4.497688710689544678e-01
-1.579484701156616211e+00
8.037381172180175781e+00
1.993858337402343750e+00
2.787952899932861328e+00
-1.407443642616271973e+00
1.158137083053588867e+00
1.209033608436584473e+00
-1.912217855453491211e+00
-2.745093345642089844e+00
-1.108827948570251465e+00
2.690287351608276367e+00
5.388475418090820312e+00
1.346144556999206543e+00
-1.845176458358764648e+00
-7.239895343780517578e+00
5.237374782562255859e+00
1.973856091499328613e+00
1.745434641838073730e+00
-8.052365779876708984e-01
-1.730262637138366699e+00
1.725686788558959961e+00
-3.135702610015869141e+00
-3.129698753356933594e+00
-3.000763416290283203e+00
3.796648979187011719e-01
-4.781652092933654785e-01
-2.825037956237792969e+00
3.039567708969116211e+00
7.809642314910888672e+00
1.790651917457580566e+00
-1.723232507705688477e+00
4.809915542602539062e+00
3.990148007869720459e-01
-1.930393815040588379e+00
2.048636674880981445e+00
1.084208726882934570e+00
8.847311735153198242e-01
-2.595975875854492188e+00
-3.026602268218994141e+00
-9.856563806533813477e-01
2.373927354812622070e+00
1.033506488800048828e+01
1.107782244682312012e+00
-9.934238195419311523e-01
-3.352080285549163818e-01
4.724998772144317627e-01
-2.083580732345581055e+00
5.528350353240966797e+00
1.763930439949035645e+00
4.926677227020263672e+00
-8.746944069862365723e-01
-1.273719429969787598e+00
3.054874181747436523e+00
5.106340646743774414e-01
-4.511671543121337891e+00
-1.997974812984466553e-01
-2.935008049011230469e+00
8.335262537002563477e-02
-1.628161191940307617e+00
5.863911628723144531e+00
4.924088954925537109e+00
-3.792310237884521484e+00
3.133230686187744141e+00
6.496740818023681641e+00
1.665593534708023071e-01
-5.138471126556396484e+00
4.402289390563964844e+00
6.015642166137695312e+00
2.031730175018310547e+00
6.142375525087118149e-03
-2.610196769237518311e-01
9.578751921653747559e-01
2.891049623489379883e+00
8.881207704544067383e-01
8.111773729324340820e-01
-4.571928501129150391e+00
6.072552204132080078e-01
-1.481727600097656250e+00
-1.325071096420288086e+00
-3.232293725013732910e-01
1.378644943237304688e+00
-4.409751594066619873e-01
3.246387481689453125e+00
1.764114260673522949e+00
4.742268845438957214e-02
-2.751731157302856445e+00
-5.340998172760009766e+00
-1.055184483528137207e+00
2.136011272668838501e-01
-1.545632600784301758e+00
9.909310936927795410e-01
-3.546303808689117432e-01
-6.895226240158081055e-01
-1.993857920169830322e-01
-2.331663131713867188e+00
-4.578982353210449219e+00
2.930372238159179688e+00
4.551898479461669922e+00
-1.552744388580322266e+00
2.662776231765747070e+00
1.298165559768676758e+00
-3.814395904541015625e+00
4.212451457977294922e+00
-1.400962024927139282e-01
-1.703661978244781494e-01
4.997207641601562500e+00
-1.196874976158142090e-01
2.185619592666625977e+00
5.240042209625244141e-01
1.284540057182312012e+00
-3.296762228012084961e+00
5.262981891632080078e+00
5.102545022964477539e-01
-3.180553197860717773e+00
-3.735084056854248047e+00
-6.291182041168212891e+00
4.481485784053802490e-01
-8.463892936706542969e-01
1.878224015235900879e+00
1.447118401527404785e+00
-7.595067024230957031e-01
2.785002946853637695e+00
-2.593678712844848633e+00
-1.067108869552612305e+00
3.659119129180908203e+00
-3.074620485305786133e+00
6.414036750793457031e+00
-1.101419544219970703e+01
2.462271451950073242e+00
1.666878223419189453e+00
5.825211048126220703e+00
-2.072864055633544922e+00
1.055195927619934082e+00
-1.500157713890075684e+00
-1.943726539611816406e+00
-2.210102796554565430e+00
-8.509216308593750000e-01
2.840106725692749023e+00
-5.947737693786621094e-01
-4.650181770324707031e+00
-5.288675308227539062e+00
4.126525402069091797e+00
5.863417148590087891e+00
-1.673552036285400391e+00
1.589198410511016846e-01
-1.737336635589599609e+00
2.784495592117309570e+00
3.699488162994384766e+00
1.320775866508483887e+00
-5.473977565765380859e+00
2.246598958969116211e+00
-3.443334102630615234e-01
5.006430625915527344e+00
-6.705112457275390625e+00
-5.266318798065185547e+00
2.922574058175086975e-02
-1.598949551582336426e+00
-7.628963947296142578e+00
-1.317889451980590820e+00
-7.520730495452880859e-01
2.878865003585815430e+00
1.245384335517883301e+00
-6.296792507171630859e+00
-3.194389343261718750e+00
1.199864387512207031e+00
-1.782590270042419434e+00
-1.632220745086669922e+00
3.862930059432983398e+00
1.209876060485839844e+00
-1.005974411964416504e+00
-2.941670417785644531e+00
2.416008710861206055e+00
1.989457488059997559e+00
-1.826905846595764160e+00
3.073039054870605469e-01
1.160879954695701599e-01
1.516195178031921387e+00
-3.952006995677947998e-02
1.551196098327636719e+00
-1.513508081436157227e+00
-1.129404783248901367e+00
3.162185192108154297e+00
-3.984682261943817139e-01
-9.699470400810241699e-01
4.147378921508789062e+00
1.269943594932556152e+00
-9.502999782562255859e-01
-7.199046611785888672e-01
9.159795641899108887e-01
4.045506477355957031e+00
1.675931215286254883e+00
2.412387579679489136e-01
-2.348182201385498047e+00
-9.673506766557693481e-02
4.379563629627227783e-01
8.222908377647399902e-01
4.908704280853271484e+00
-7.242181897163391113e-01
-2.166505098342895508e+00
-1.213525295257568359e+00
8.185279965400695801e-01
-2.452738285064697266e+00
-6.459990024566650391e+00
3.355891704559326172e+00
-4.519555568695068359e+00
3.489743709564208984e+00
1.860646724700927734e+00
-3.833950757980346680e+00
-3.637697994709014893e-01
-2.580902576446533203e+00
-2.270575523376464844e+00
1.746821641921997070e+00
-3.193628311157226562e+00
3.560973405838012695e+00
-1.424873352050781250e+00
-3.204071521759033203e-02
4.014960289001464844e+00
1.145631074905395508e-01
1.472443103790283203e+00
-6.883453845977783203e+00
4.002134323120117188e+00
1.459329724311828613e+00
4.062498509883880615e-01
-1.418314576148986816e-01
-2.141367197036743164e+00
-1.264673948287963867e+00
1.246452093124389648e+00
9.852848052978515625e-01
-8.026049613952636719e+00
-6.795373439788818359e+00
-4.069220721721649170e-01
3.424991369247436523e+00
8.599632382392883301e-01
-2.074057340621948242e+00
9.188911914825439453e-01
-2.676123857498168945e+00
-1.719329237937927246e+00
1.264279603958129883e+00
-8.762704730033874512e-01
3.960273504257202148e+00
-3.472863912582397461e+00
-1.389175534248352051e+00
6.023233011364936829e-02
7.808633893728256226e-02
6.689019799232482910e-01
-1.631791740655899048e-01
5.780450701713562012e-01
3.086596250534057617e+00
-5.764331668615341187e-02
-1.297521471977233887e+00
-3.942597150802612305e+00
4.300085544586181641e+00
2.803191423416137695e+00
-2.725797414779663086e+00
-4.119779109954833984e+00
-6.283391952514648438e+00
2.714098215103149414e+00
-3.186431646347045898e+00
4.307716786861419678e-01
-9.293026924133300781e-01
1.869323253631591797e+00
3.059565782546997070e+00
6.185986995697021484e+00
-1.814864516258239746e+00
-3.425841033458709717e-01
9.536466598510742188e-01
3.423650741577148438e+00
2.498388051986694336e+00
-2.664335727691650391e+00
2.766773939132690430e+00
-4.161594867706298828e+00
1.587432146072387695e+00
-4.616316258907318115e-01
1.613298892974853516e+00
-5.633128643035888672e+00
4.077059745788574219e+00
2.997675895690917969e+00
-4.352770328521728516e+00
2.044385194778442383e+00
1.964675307273864746e+00
-5.810236930847167969e-01
-4.315920352935791016e+00
-2.113657951354980469e+00
4.310265064239501953e+00
-6.315160989761352539e-01
4.952780723571777344e+00
8.690452575683593750e-01
-5.734014511108398438e-01
-1.397614955902099609e+00
3.922489881515502930e-01
-2.284128427505493164e+00
-1.665363788604736328e+00
6.652663350105285645e-01
2.906039237976074219e+00
-1.664583921432495117e+00
-2.084343671798706055e+00
5.387304782867431641e+00
-2.722407341003417969e+00
3.089023590087890625e+00
1.777048707008361816e+00
1.960222721099853516e+00
4.520916461944580078e+00
-3.939870834350585938e+00
2.279996871948242188e+00
1.191624641418457031e+00
-4.984081089496612549e-01
-4.730385780334472656e+00
-2.486945390701293945e+00
3.791319370269775391e+00
-2.766240835189819336e+00
-2.754477858543395996e-01
2.747641086578369141e+00
3.306843757629394531e+00
-5.900058269500732422e+00
-2.051164358854293823e-01
-4.988008975982666016e+00
-1.856299191713333130e-01
2.955705404281616211e+00
6.933220863342285156e+00
-2.959825992584228516e+00
-2.212872028350830078e+00
4.823062419891357422e+00
-3.174895763397216797e+00
-1.087257385253906250e+00
-7.180945873260498047e-01
2.165456056594848633e+00
3.738706350326538086e+00
-4.307729721069335938e+00
1.000886797904968262e+00
9.016963839530944824e-01
1.173277258872985840e+00
2.645510911941528320e+00
6.512495517730712891e+00
3.291189193725585938e+00
-6.844765543937683105e-01
-8.506577014923095703e-01
2.344847202301025391e+00
-5.879721641540527344e+00
-2.317501544952392578e+00
-5.103866100311279297e+00
3.378861844539642334e-01
1.339013129472732544e-01
-5.847150459885597229e-02
-1.079800605773925781e+00
-7.951089181005954742e-03
4.034142017364501953e+00
-4.753823757171630859e+00
-3.027250766754150391e+00
2.232794046401977539e+00
-2.186459302902221680e+00
-2.809343576431274414e+00
-6.499591350555419922e+00
-7.100115418434143066e-01
7.719193696975708008e-01
1.889273762702941895e+00
-1.597852945327758789e+00
7.156674265861511230e-01
1.459999322891235352e+00
1.948485732078552246e+00
9.334771037101745605e-01
-1.259783625602722168e+00
-3.382480621337890625e+00
-2.138641119003295898e+00
-2.608887910842895508e+00
2.838341712951660156e+00
4.043138027191162109e+00
-1.296268820762634277e+00
-3.446575403213500977e+00
-2.326561212539672852e+00
-1.116616606712341309e+00
-1.489455938339233398e+00
2.246888637542724609e+00
-1.415296554565429688e+00
6.343843787908554077e-02
-1.476365327835083008e-01
-1.346737861633300781e+00
1.112582087516784668e+00
6.994397044181823730e-01
9.283289909362792969e-01
-3.244962692260742188e-01
-3.850502252578735352e+00
1.180007696151733398e+00
1.721720933914184570e+00
-3.135914325714111328e+00
4.168334007263183594e+00
-1.922678828239440918e+00
2.163275957107543945e+00
-7.462279200553894043e-01
1.180194258689880371e+00
5.031268119812011719e+00
-6.241904735565185547e+00
3.632096052169799805e-01
-1.364793926477432251e-01
-2.258553028106689453e+00
-2.043952420353889465e-02
1.056736469268798828e+00
2.191412687301635742e+00
2.056698501110076904e-01
1.278459429740905762e+00
4.801394462585449219e+00
-1.359871387481689453e+00
-1.162866115570068359e+00
-3.008992910385131836e+00
1.069062232971191406e+00
3.249435901641845703e+00
8.257772028446197510e-02
-5.317959785461425781e-01
3.330345079302787781e-02
6.145387291908264160e-01
3.092043399810791016e-01
4.767895340919494629e-01
-3.014858007431030273e+00
8.725789785385131836e-01
2.859260082244873047e+00
2.335183620452880859e+00
-2.557984828948974609e+00
-1.654078722000122070e+00
-4.479688644409179688e+00
-4.507834613323211670e-01
9.076942205429077148e-01
-3.049456119537353516e+00
-1.783653020858764648e+00
7.049235701560974121e-02
-1.948810577392578125e+00
-2.836164951324462891e+00
7.448207736015319824e-01
4.111188650131225586e-01
5.085628014057874680e-03
6.987563133239746094e+00
-2.216433763504028320e+00
-5.491120815277099609e-01
-2.240576982498168945e+00
-1.011327385902404785e+00
8.199336528778076172e-01
7.763490080833435059e-01
-5.214338302612304688e-01
-1.414198756217956543e+00
-2.963743925094604492e+00
-2.297264099121093750e+00
-3.093952178955078125e+00
-1.508862257003784180e+00
2.310844182968139648e+00
-5.152898430824279785e-01
-3.107789516448974609e+00
3.915398120880126953e+00
1.363881111145019531e+00
4.529827117919921875e+00
1.836541146039962769e-01
3.635233402252197266e+00
-9.377105832099914551e-01
1.058714747428894043e+00
-1.910624980926513672e+00
-3.516564130783081055e+00
3.506489038467407227e+00
2.046467065811157227e+00
-8.089905977249145508e-01
3.992236256599426270e-01
1.761440873146057129e+00
3.071867227554321289e+00
8.439314365386962891e-01
2.632745265960693359e+00
2.098670959472656250e+00
-1.833828330039978027e+00
2.432019233703613281e+00
-4.701129913330078125e+00
-8.895930051803588867e-01
2.802379131317138672e+00
7.741536617279052734e+00
8.432119488716125488e-01
-1.511648774147033691e+00
2.947933971881866455e-01
3.500500917434692383e-01
1.934913754463195801e+00
-2.419085025787353516e+00
-8.627795577049255371e-01
-3.896230459213256836e+00
2.887654781341552734e+00
-1.931983232498168945e+00
3.285205841064453125e+00
6.864408850669860840e-01
1.104645609855651855e+00
3.466831445693969727e+00
-3.916212320327758789e+00
4.626506805419921875e+00
2.389350175857543945e+00
-2.075986146926879883e+00
-2.086572647094726562e+00
-8.497716188430786133e-01
4.636957168579101562e+00
-4.342654705047607422e+00
1.128982901573181152e+00
2.124151706695556641e+00
-6.449671745300292969e+00
2.084979772567749023e+00
2.454278469085693359e+00
-6.611161231994628906e-01
-2.243620872497558594e+00
2.982019186019897461e+00
-2.481683731079101562e+00
-7.445381879806518555e-01
1.304539889097213745e-01
2.849490404129028320e+00
-3.649189472198486328e-01
-4.159206867218017578e+00
-2.590827703475952148e+00
1.833278179168701172e+00
-3.862151145935058594e+00
5.503812432289123535e-01
-3.734524488449096680e+00
-3.705810308456420898e+00
-3.680128574371337891e+00
3.646043539047241211e+00
2.598284244537353516e+00
2.900788784027099609e+00
2.113545686006546021e-01
-4.660842895507812500e+00
5.656968116760253906e+00
5.133839130401611328e+00
7.032885551452636719e-01
6.438650488853454590e-01
2.551507949829101562e+00
1.867774486541748047e+00
7.023763179779052734e+00
3.316318511962890625e+00
6.002528667449951172e+00
-2.486513376235961914e+00
2.725879192352294922e+00
-2.758950710296630859e+00
5.861303329467773438e+00
-2.261401891708374023e+00
-1.091718554496765137e+00
-6.940156459808349609e+00
1.820491909980773926e+00
-2.762525081634521484e+00
-3.907902956008911133e+00
3.619041740894317627e-01
-1.454418450593948364e-01
-1.387658953666687012e+00
7.549257278442382812e+00
-1.862176418304443359e+00
-1.274394631385803223e+00
6.762489795684814453e+00
4.168228149414062500e+00
-9.014786481857299805e-01
1.843886137008666992e+00
8.399125933647155762e-01
3.051978349685668945e+00
-5.016170501708984375e+00
6.903220653533935547e+00
-3.600504636764526367e+00
-1.344867706298828125e+00
3.326281070709228516e+00
8.351338505744934082e-01
-3.866657257080078125e+00
-4.360322475433349609e+00
-2.968843221664428711e+00
3.245031833648681641e+00
-6.498938798904418945e-01
-3.911558628082275391e+00
-3.106580734252929688e+00
2.348210096359252930e+00
-1.009863138198852539e+00
-6.765290349721908569e-02
4.962854385375976562e+00
8.470492959022521973e-01
1.883688092231750488e+00
-3.330997228622436523e+00
-2.045717000961303711e+00
7.913619279861450195e-01
1.272493004798889160e+00
7.851710319519042969e+00
1.615772604942321777e+00
-1.594576239585876465e+00
2.254303693771362305e+00
-1.879548788070678711e+00
-4.769082546234130859e+00
3.373788356781005859e+00
2.650164842605590820e+00
-1.239389404654502869e-01
1.295879006385803223e+00
1.548296093940734863e+00
3.515797138214111328e+00
-2.542987108230590820e+00
-4.138866424560546875e+00
-8.377302885055541992e-01
-4.829123318195343018e-01
-2.120223283767700195e+00
-3.956408500671386719e+00
-1.018823146820068359e+00
-2.058235645294189453e+00
-2.555294752120971680e+00
-4.318102359771728516e+00
-5.642829537391662598e-01
-6.782545566558837891e+00
1.144488751888275146e-01
-1.068246126174926758e+00
-1.761332631111145020e+00
-3.414523124694824219e+00
4.757438659667968750e+00
-3.695677816867828369e-01
-7.153946906328201294e-02
1.024800896644592285e+00
-3.607005119323730469e+00
3.527846813201904297e+00
3.328848123550415039e+00
-4.788949012756347656e+00
8.869134187698364258e-01
-1.659451365470886230e+00
2.697910785675048828e+00
2.778218030929565430e+00
1.371321439743041992e+00
1.427098155021667480e+00
7.102874755859375000e+00
9.464983344078063965e-01
-1.776676774024963379e+00
1.187904119491577148e+00
3.583332777023315430e+00
1.632541775703430176e+00
-1.468881964683532715e+00
-3.295154333114624023e+00
1.279161691665649414e+00
-1.342985987663269043e+00
-5.875188350677490234e+00
-2.230982303619384766e+00
-2.813697814941406250e+00
-8.620722770690917969e+00
-3.823768138885498047e+00
-1.359180569648742676e+00
1.662953019142150879e+00
-5.101587176322937012e-01
-2.419255018234252930e+00
-1.570001244544982910e+00
3.787403404712677002e-01
3.765398502349853516e+00
-5.178460597991943359e+00
-5.494927763938903809e-01
3.047900676727294922e+00
9.642081260681152344e-01
3.750336647033691406e+00
-2.764036178588867188e+00
-1.547500371932983398e+00
-1.769923418760299683e-01
2.510140180587768555e+00
2.218173265457153320e+00
4.679442644119262695e-01
-6.694915890693664551e-01
2.434213399887084961e+00
-7.817542076110839844e+00
1.230063199996948242e+00
2.533293008804321289e+00
-5.136734843254089355e-01
3.148229122161865234e-01
-1.213671803474426270e+00
1.612921833992004395e+00
3.996406793594360352e+00
-3.609246313571929932e-01
-5.646743774414062500e-01
2.849610090255737305e+00
-1.317625522613525391e+00
4.681783318519592285e-01
-3.303339004516601562e+00
2.690641880035400391e+00
1.234904289245605469e+00
4.177875041961669922e+00
3.025050163269042969e+00
1.380650997161865234e+00
4.812289714813232422e+00
-2.054030656814575195e+00
-6.893806457519531250e+00
1.857004642486572266e+00
1.477519750595092773e+00
-2.601188421249389648e-01
-1.988687157630920410e+00
5.212806224822998047e+00
3.139521360397338867e+00
2.568904876708984375e+00
-8.696812391281127930e-02
-2.851911306381225586e+00
1.395243287086486816e+00
4.120310783386230469e+00
-3.700332880020141602e+00
1.322690397500991821e-01
2.353961914777755737e-01
-2.377002477645874023e+00
2.395888805389404297e+00
3.671773672103881836e+00
-3.234414100646972656e+00
2.152022600173950195e+00
-1.920430779457092285e+00
5.999959707260131836e-01
-2.028361558914184570e+00
2.932195961475372314e-01
-5.589551925659179688e+00
5.823752284049987793e-01
2.584780216217041016e+00
5.215052127838134766e+00
-1.209771871566772461e+00
-8.162539601325988770e-01
1.293316125869750977e+00
4.078351497650146484e+00
-1.213577508926391602e+00
3.890080928802490234e+00
-3.071605920791625977e+00
1.000322580337524414e+00
3.343691349029541016e+00
3.988332450389862061e-01
2.244106769561767578e+00
1.752754688262939453e+00
2.192272692918777466e-01
-2.321751117706298828e+00
5.012765407562255859e+00
-4.616915702819824219e+00
1.692682743072509766e+00
7.201380133628845215e-01
1.822059869766235352e+00
3.388330221176147461e+00
2.870393097400665283e-01
-4.405169486999511719e-01
-1.857316613197326660e+00
-1.823498845100402832e+00
-4.287058353424072266e+00
-3.209747970104217529e-01
-3.378699421882629395e-01
2.112489223480224609e+00
2.121972322463989258e+00
2.181913137435913086e+00
4.031645774841308594e+00
3.835477352142333984e+00
4.191856384277343750e+00
2.649456739425659180e+00
1.363079667091369629e+00
-1.423368096351623535e+00
-1.724657863378524780e-01
-1.538141846656799316e+00
5.095645904541015625e+00
2.678530454635620117e+00
3.841413557529449463e-02
-1.105049967765808105e+00
1.264060497283935547e+00
5.409276112914085388e-02
-1.649551391601562500e+00
-1.123304963111877441e+00
2.378281593322753906e+00
-2.170351982116699219e+00
2.566796064376831055e+00
-1.848219633102416992e+00
-3.458354949951171875e+00
7.290030717849731445e-01
-3.791430473327636719e+00
2.550050318241119385e-01
-2.774666547775268555e+00
1.017982006072998047e+00
-4.928333759307861328e+00
-1.352459341287612915e-01
-6.569988250732421875e+00
