3.619532346725463867e+00
-3.293611049652099609e+00
-1.044430017471313477e+00
3.635771274566650391e+00
-1.891475677490234375e+00
6.404216289520263672e+00
7.082160711288452148e-01
-4.206241130828857422e+00
3.581831455230712891e-01
-8.753741383552551270e-01
-1.720228314399719238e+00
3.659709990024566650e-01
-4.056531429290771484e+00
-9.226520657539367676e-01
-2.845151185989379883e+00
7.812717437744140625e+00
-2.440165042877197266e+00
-9.252782464027404785e-01
-7.219934463500976562e+00
8.516381382942199707e-01
2.234452486038208008e+00
-4.635870456695556641e+00
2.676767408847808838e-01
3.557159662246704102e+00
4.384041309356689453e+00
-9.160192012786865234e-01
-1.372676014900207520e+00
2.398796081542968750e-01
2.286726683378219604e-01
-6.831518650054931641e+00
4.463146686553955078e+00
3.537244796752929688e+00
-2.547202348709106445e+00
-3.071348667144775391e+00
-1.593160927295684814e-01
-1.333247542381286621e+00
5.822095870971679688e+00
-8.484074473381042480e-01
-5.761894226074218750e+00
1.223881244659423828e+00
1.787303537130355835e-01
1.527611255645751953e+00
5.230360507965087891e+00
1.700127482414245605e+00
-3.248036503791809082e-01
3.066964864730834961e+00
1.963227748870849609e+00
7.965434789657592773e-01
-1.372954845428466797e-01
-1.911741852760314941e+00
9.916426539421081543e-01
-3.375574588775634766e+00
-1.932913899421691895e+00
8.876631259918212891e-01
-3.402076005935668945e+00
-1.555509805679321289e+00
-2.144819736480712891e+00
1.820599555969238281e+00
8.122413754463195801e-01
-1.327244281768798828e+00
-5.581800937652587891e-01
1.959544777870178223e+00
-8.849912643432617188e+00
5.118115425109863281e+00
-2.756026744842529297e+00
-1.104975700378417969e+00
4.807357788085937500e+00
-3.059171199798583984e+00
-2.593644142150878906e+00
4.830978870391845703e+00
3.504226446151733398e+00
-8.733431816101074219e+00
-2.023068904876708984e+00
-1.602838158607482910e+00
-1.348644375801086426e+00
-2.938793659210205078e+00
-1.793421953916549683e-01
5.947531223297119141e+00
3.105728387832641602e+00
3.516166448593139648e+00
8.396946787834167480e-01
5.203350067138671875e+00
2.269849777221679688e+00
3.979870378971099854e-01
-1.045018553733825684e+00
2.246841430664062500e+00
-1.850986033678054810e-01
-2.770422995090484619e-01
-9.072520136833190918e-01
3.802649021148681641e+00
4.766296386718750000e+00
3.722774982452392578e+00
-4.161581397056579590e-01
4.184992909431457520e-01
7.548266410827636719e+00
6.308877468109130859e-01
-2.688522100448608398e+00
-1.800079822540283203e+00
-6.376605629920959473e-01
2.036085724830627441e-01
-2.136649847030639648e+00
-3.986013174057006836e+00
-7.818117618560791016e+00
-7.817618370056152344e+00
2.940658330917358398e+00
-4.523934423923492432e-01
-7.192177295684814453e+00
1.912303090095520020e+00
-3.703743696212768555e+00
-1.954717516899108887e+00
3.117899596691131592e-01
2.710707426071166992e+00
-1.283511281013488770e+00
1.694038271903991699e+00
1.592993140220642090e-01
4.117687642574310303e-01
-6.906904578208923340e-01
-1.299825072288513184e+00
3.824419379234313965e-01
1.683513164520263672e+00
5.644562244415283203e+00
1.795629739761352539e+00
3.699655234813690186e-01
4.222035408020019531e-01
2.089407920837402344e+00
9.247525036334991455e-02
-1.615240335464477539e+00
-3.601442337036132812e+00
3.808743000030517578e+00
-1.797668099403381348e+00
7.035731673240661621e-01
-1.910445690155029297e+00
-2.366304636001586914e+00
1.592075943946838379e+00
3.033723592758178711e+00
-4.262300968170166016e+00
7.896851897239685059e-01
1.369333386421203613e+00
2.048493385314941406e+00
-1.758044719696044922e+00
-1.257327914237976074e+00
-6.678450107574462891e-01
-2.807327032089233398e+00
-3.033535242080688477e+00
4.316699028015136719e+00
-1.136515498161315918e+00
3.582274198532104492e+00
-1.799691319465637207e+00
1.883275151252746582e+00
1.772424578666687012e+00
8.765435814857482910e-01
-2.764733791351318359e+00
1.963050723075866699e+00
-3.456704616546630859e+00
-6.491353988647460938e+00
4.295058250427246094e+00
1.939524292945861816e+00
-6.272089481353759766e-01
-1.747376173734664917e-01
3.492195606231689453e+00
2.346472740173339844e+00
-4.450876712799072266e+00
2.802762985229492188e+00
3.008172273635864258e+00
-1.587005615234375000e+00
-3.041526317596435547e+00
7.343436479568481445e-01
-2.961166858673095703e+00
-8.415876626968383789e-01
-2.952634096145629883e+00
-9.917488694190979004e-01
2.897342681884765625e+00
-1.875609755516052246e+00
-2.611658334732055664e+00
2.420018166303634644e-01
6.577620983123779297e+00
-1.316900014877319336e+00
4.293423593044281006e-01
-6.611305475234985352e-01
-1.019688174128532410e-01
-1.173921465873718262e+00
-3.639537990093231201e-01
-2.251267433166503906e+00
2.759075641632080078e+00
7.763876765966415405e-02
-3.018007993698120117e+00
-2.176213711500167847e-01
1.734021604061126709e-01
-3.700935602188110352e+00
-2.460285425186157227e+00
-2.826204538345336914e+00
-1.964061975479125977e+00
3.363332748413085938e+00
7.334256768226623535e-01
-4.413033962249755859e+00
-3.387577533721923828e+00
2.558600664138793945e+00
-5.642265677452087402e-01
-1.635650992393493652e-01
-1.133996129035949707e+00
-3.651000738143920898e+00
-5.227670669555664062e+00
1.351529717445373535e+00
1.682873964309692383e+00
-1.873988628387451172e+00
3.301092684268951416e-01
4.716339409351348877e-01
3.128551721572875977e+00
-3.037818670272827148e+00
-5.447318077087402344e+00
2.487835168838500977e+00
4.250751495361328125e+00
-2.287441015243530273e+00
3.209875583648681641e+00
-1.919120363891124725e-02
2.514699399471282959e-01
-2.298656702041625977e+00
1.125285625457763672e+00
8.823205828666687012e-01
2.867124557495117188e+00
3.526047706604003906e+00
3.380823373794555664e+00
-1.519188731908798218e-01
9.405431747436523438e-01
-6.457317829132080078e+00
3.841587901115417480e-01
3.105602562427520752e-01
2.878677798435091972e-03
-1.015391826629638672e+00
1.041029114276170731e-02
-3.296789169311523438e+00
8.035487174987792969e+00
9.192952156066894531e+00
3.264104604721069336e+00
1.387559175491333008e+00
1.855916500091552734e+00
1.756262779235839844e+00
-1.777839183807373047e+00
2.726345062255859375e+00
-3.408842682838439941e-01
1.525210142135620117e+00
1.641841411590576172e+00
1.142556786537170410e+00
1.350815296173095703e-01
-2.044583112001419067e-02
3.229002475738525391e+00
2.309259176254272461e+00
-1.134645581245422363e+00
2.233247756958007812e+00
6.541532993316650391e+00
1.390388727188110352e+00
-6.336589336395263672e+00
2.864858210086822510e-01
2.391523838043212891e+00
3.704902648925781250e+00
1.688884615898132324e+00
-1.755971431732177734e+00
3.647047519683837891e+00
-5.562208890914916992e-01
-2.324848651885986328e+00
-9.612154364585876465e-01
-2.989060163497924805e+00
-7.976074814796447754e-01
-4.358019828796386719e-01
-1.937507987022399902e+00
4.849302470684051514e-01
1.842904806137084961e+00
6.465859889984130859e+00
-2.618432044982910156e+00
4.035282135009765625e-01
7.963509559631347656e+00
8.176324963569641113e-01
2.300534009933471680e+00
1.004509806632995605e+00
5.570216178894042969e+00
3.165569067001342773e+00
-3.022296667098999023e+00
-2.731922388076782227e+00
4.372322261333465576e-01
6.613768100738525391e+00
-2.875405788421630859e+00
2.245515346527099609e+00
-6.896894574165344238e-01
-4.624795436859130859e+00
4.266630649566650391e+00
3.104774951934814453e+00
1.834779381752014160e+00
6.947221159934997559e-01
3.794038593769073486e-01
2.950685739517211914e+00
-1.334386587142944336e+00
3.653343915939331055e+00
-4.959140300750732422e+00
-3.637923240661621094e+00
-7.539892196655273438e-01
-1.922888755798339844e-01
-1.209779977798461914e+00
4.368053436279296875e+00
1.770795822143554688e+00
9.882094711065292358e-02
1.438584566116333008e+00
-2.831285953521728516e+00
-1.133894801139831543e+00
-3.460681676864624023e+00
-3.850269913673400879e-01
2.658632278442382812e+00
1.381395697593688965e+00
-6.046980381011962891e+00
-4.025619506835937500e+00
3.651154041290283203e+00
5.122231006622314453e+00
1.394000172615051270e+00
-2.199958801269531250e+00
-2.332699298858642578e+00
3.993178606033325195e+00
-4.699016511440277100e-01
-1.898037552833557129e+00
-2.711061000823974609e+00
1.135506629943847656e+00
-3.126460015773773193e-01
-1.069881916046142578e+00
-1.594472527503967285e+00
-1.211274713277816772e-01
-2.658339440822601318e-01
-1.725383400917053223e+00
-2.707367181777954102e+00
4.320401668548583984e+00
-1.524509191513061523e+00
6.508704185485839844e+00
-5.249667763710021973e-01
-1.995108872652053833e-01
2.635800838470458984e+00
5.946942329406738281e+00
-1.415625691413879395e+00
-2.091882467269897461e+00
5.063485145568847656e+00
6.743752479553222656e+00
2.673488855361938477e+00
-4.399930834770202637e-01
2.709947824478149414e+00
-8.620345592498779297e-01
2.981247186660766602e+00
1.028742551803588867e+00
2.659289836883544922e+00
-3.333616018295288086e+00
2.240209341049194336e+00
-6.652774333953857422e+00
1.918943405151367188e+00
-1.738023944199085236e-02
2.068708658218383789e+00
-5.218771696090698242e-01
1.226073503494262695e+00
7.629501223564147949e-01
-1.551487565040588379e+00
-2.952995777130126953e+00
-4.384836196899414062e+00
1.179660081863403320e+00
7.395428419113159180e-01
2.904653072357177734e+00
-1.441247820854187012e+00
-2.696342468261718750e+00
-2.984467506408691406e+00
-1.607454895973205566e+00
-1.562613487243652344e+00
-2.703559637069702148e+00
1.564059033989906311e-02
-1.688783884048461914e+00
-4.112224578857421875e+00
2.000228643417358398e+00
3.907471895217895508e+00
-2.518763780593872070e+00
2.165192604064941406e+00
5.763916492462158203e+00
-3.717061281204223633e+00
5.838539600372314453e+00
-3.853344440460205078e+00
3.552297830581665039e+00
-1.653730988502502441e+00
3.192399024963378906e+00
-4.914310932159423828e+00
2.261903047561645508e+00
-2.809876799583435059e-01
1.510434269905090332e+00
-4.438326835632324219e+00
-2.097261190414428711e+00
-2.478581428527832031e+00
4.909421920776367188e+00
3.334980249404907227e+00
4.803759574890136719e+00
2.226205825805664062e+00
2.344537496566772461e+00
-5.088908195495605469e+00
1.340610265731811523e+00
5.567171096801757812e+00
-7.249917387962341309e-01
8.258049011230468750e+00
-5.910447597503662109e+00
8.350406885147094727e-01
-2.887705087661743164e+00
4.215941429138183594e+00
-3.188985824584960938e+00
-1.711686015129089355e+00
-5.614644050598144531e+00
2.549592256546020508e+00
2.528379440307617188e+00
-4.360049247741699219e+00
-2.935706377029418945e+00
4.854951798915863037e-01
1.266983002424240112e-01
-3.285555839538574219e-01
4.224524497985839844e+00
1.611550211906433105e+00
-8.200941085815429688e-01
1.231110282242298126e-02
-6.440006732940673828e+00
-1.987028121948242188e+00
3.155707120895385742e+00
-7.529523689299821854e-03
-1.244029402732849121e+00
2.063963711261749268e-01
1.097199201583862305e+00
3.238253831863403320e+00
-1.184701561927795410e+00
-1.011987400054931641e+01
-1.351076245307922363e+00
3.689787685871124268e-01
-1.585357785224914551e+00
-4.837268352508544922e+00
3.676065802574157715e-01
5.560592651367187500e+00
1.013185024261474609e+00
-2.788919448852539062e+00
1.544838309288024902e+00
5.152485847473144531e+00
-5.326514244079589844e+00
-2.151150465011596680e+00
3.769616603851318359e+00
1.717192769050598145e+00
2.280882596969604492e+00
1.610765814781188965e+00
3.282047510147094727e-01
-9.281030297279357910e-01
8.359116911888122559e-01
-2.463602542877197266e+00
3.100110292434692383e+00
1.018332362174987793e+00
3.941339552402496338e-01
2.080406248569488525e-01
-2.055287361145019531e+00
-9.756299853324890137e-01
2.918648004531860352e+00
-1.037417650222778320e+00
-3.852544069290161133e+00
5.196047306060791016e+00
2.271586656570434570e+00
-1.267609477043151855e+00
4.583986759185791016e+00
3.006838321685791016e+00
4.527071952819824219e+00
-6.849995851516723633e-01
-7.452213764190673828e+00
-1.274326920509338379e+00
-1.534771203994750977e+00
2.258552312850952148e+00
8.743762224912643433e-02
-1.092897281050682068e-01
-4.278370380401611328e+00
-8.827840685844421387e-01
1.667596101760864258e+00
4.394037425518035889e-01
1.791354417800903320e+00
-2.607161700725555420e-01
1.450775623321533203e+00
1.521987199783325195e+00
1.473564356565475464e-01
1.482808589935302734e-01
-3.763844728469848633e+00
1.782894253730773926e+00
-1.118015408515930176e+00
1.721146702766418457e+00
8.447380661964416504e-01
6.954929828643798828e-01
6.456002235412597656e+00
-1.668819308280944824e+00
-1.153468251228332520e+00
8.261336088180541992e-01
1.506140947341918945e+00
-3.366803646087646484e+00
-4.632702827453613281e+00
1.077372312545776367e+00
3.944307804107666016e+00
2.484365463256835938e+00
-3.240189552307128906e+00
-4.128948688507080078e+00
5.999017953872680664e-01
-3.923044800758361816e-01
-4.149502813816070557e-01
-2.522009134292602539e+00
-6.374083995819091797e+00
-1.605407834053039551e+00
-1.158822894096374512e+00
2.400971412658691406e+00
-1.447712540626525879e+00
1.795637488365173340e+00
1.743138074874877930e+00
-2.296153068542480469e+00
1.159497261047363281e+00
-1.194358706474304199e+00
4.316471576690673828e+00
5.797731280326843262e-01
4.166577756404876709e-01
-1.068009614944458008e+00
3.044573545455932617e+00
5.469261646270751953e+00
8.037662506103515625e-01
1.034969329833984375e+00
-9.245334863662719727e-01
-2.360108643770217896e-01
-3.398316383361816406e+00
-1.640051007270812988e-01
4.587259292602539062e+00
4.710438728332519531e+00
-2.003146409988403320e+00
-1.539594411849975586e+00
-2.625902414321899414e+00
7.871021270751953125e+00
-1.227552294731140137e+00
-3.416707277297973633e+00
-4.989143013954162598e-01
3.899181365966796875e+00
4.376964569091796875e+00
1.774894833564758301e+00
-1.812662839889526367e+00
2.823763191699981689e-01
-6.121044754981994629e-01
2.194667339324951172e+00
5.649984836578369141e+00
-1.588393568992614746e+00
-1.196692824363708496e+00
-2.537391424179077148e+00
-6.138093471527099609e-01
-2.254528760910034180e+00
8.509205281734466553e-02
-5.264594554901123047e+00
2.716471672058105469e+00
4.313015937805175781e+00
-3.791754007339477539e+00
2.839378118515014648e+00
-3.912154957652091980e-02
-2.784045696258544922e+00
-2.371667146682739258e+00
-3.521155357360839844e+00
3.243465185165405273e+00
-1.465039134025573730e+00
2.401645183563232422e+00
1.475982189178466797e+00
-3.396410942077636719e+00
-2.063212633132934570e+00
-2.676337242126464844e+00
-3.306837081909179688e-01
-2.113924026489257812e-01
1.641968846321105957e+00
-1.487673878669738770e+00
1.153201699256896973e+00
2.362048625946044922e+00
-2.812544107437133789e+00
-1.914644598960876465e+00
2.611263275146484375e+00
6.410382986068725586e-01
3.623652696609497070e+00
2.838054895401000977e+00
-1.222649335861206055e+00
-4.284477233886718750e+00
7.264394164085388184e-01
-1.409560322761535645e+00
-1.570990681648254395e+00
-3.017799615859985352e+00
8.123777389526367188e+00
-4.434083461761474609e+00
-4.269830226898193359e+00
6.524403095245361328e+00
-1.637007594108581543e-01
-4.857024192810058594e+00
-5.440018773078918457e-01
4.593048393726348877e-01
1.886740207672119141e+00
2.462140768766403198e-01
5.092525959014892578e+00
-3.531370878219604492e+00
1.404240489006042480e+00
7.469347476959228516e+00
-8.856518745422363281e+00
2.237421751022338867e+00
1.287689566612243652e+00
7.042932510375976562e+00
6.949672102928161621e-02
-2.146908044815063477e+00
7.582071423530578613e-01
-1.981298089027404785e+00
2.078668355941772461e+00
-2.721679925918579102e+00
2.199116706848144531e+00
3.644288539886474609e+00
-2.698608875274658203e+00
1.244867086410522461e+00
9.727405309677124023e-01
-8.290471076965332031e+00
-1.512608051300048828e+00
-3.149091720581054688e+00
6.854734420776367188e+00
-1.607887268066406250e+00
-1.249009132385253906e+00
-3.546406984329223633e+00
-1.616718888282775879e+00
4.038513660430908203e+00
-1.769012689590454102e+00
-1.107305049896240234e+00
-3.240524768829345703e+00
-5.369116783142089844e+00
-2.539684772491455078e-01
-1.259616851806640625e+00
-3.129695177078247070e+00
9.647645950317382812e-01
4.325943470001220703e+00
-7.938549518585205078e+00
4.659303665161132812e+00
-1.753149271011352539e+00
1.820099651813507080e-01
2.827302515506744385e-01
-4.369599819183349609e+00
-2.222687959671020508e+00
2.317324161529541016e+00
-7.022180557250976562e-01
1.640220522880554199e+00
3.753487586975097656e+00
2.140403747558593750e+00
1.361779212951660156e+00
-5.052982330322265625e+00
-7.100810408592224121e-01
-4.282938003540039062e+00
-1.654920578002929688e+00
-4.707717895507812500e+00
1.043503046035766602e+00
4.250616431236267090e-01
3.508214950561523438e-01
-2.737998962402343750e+00
-2.809583902359008789e+00
2.061323642730712891e+00
9.505150318145751953e-01
-1.444004654884338379e+00
3.773106336593627930e+00
1.470519304275512695e+00
-2.670910656452178955e-01
1.481672078371047974e-01
1.106505155563354492e+00
4.153569698333740234e+00
-5.910122871398925781e+00
4.790483951568603516e+00
4.252303123474121094e+00
-7.869947433471679688e+00
-4.042918384075164795e-01
9.511020183563232422e-01
5.287762880325317383e-01
1.116036996245384216e-01
5.873544812202453613e-01
-1.116149425506591797e+00
-4.235742092132568359e-01
1.647290587425231934e+00
1.718157678842544556e-01
-5.142819881439208984e+00
2.002146959304809570e+00
-1.433101415634155273e+00
-3.013004958629608154e-01
-8.914617300033569336e-01
4.034207820892333984e+00
-2.215803563594818115e-01
-1.066066399216651917e-01
4.554189682006835938e+00
-4.126391887664794922e+00
-6.460011601448059082e-01
-2.312820434570312500e+00
-1.643665432929992676e+00
-3.724589943885803223e-01
1.326315522193908691e+00
-3.928603529930114746e-01
-8.334417343139648438e-01
-9.836255908012390137e-01
-2.702775955200195312e+00
1.484918594360351562e+00
-7.458342313766479492e-01
-2.999546229839324951e-01
8.039829321205615997e-03
-3.950115144252777100e-01
-2.206873178482055664e+00
-4.513980865478515625e+00
2.297341823577880859e+00
-3.325200557708740234e+00
-3.773927688598632812e-01
2.638567984104156494e-01
6.993003487586975098e-01
2.451161623001098633e+00
-1.808178782463073730e+00
-4.948535442352294922e+00
1.429355263710021973e+00
-3.320582866668701172e+00
-5.979394435882568359e+00
-4.508188724517822266e+00
-1.449473023414611816e+00
-4.647413253784179688e+00
-2.918573856353759766e+00
-1.217023059725761414e-01
9.351640939712524414e-03
-5.120346546173095703e+00
2.938284158706665039e+00
2.192903757095336914e+00
1.138009786605834961e+00
1.786114335060119629e+00
1.335179209709167480e+00
-5.329938888549804688e+00
-1.457569360733032227e+00
4.360729157924652100e-01
-3.990370750427246094e+00
3.230141162872314453e+00
3.261507511138916016e+00
-1.611508131027221680e+00
-6.098100185394287109e+00
-5.721023082733154297e-01
3.843971729278564453e+00
3.498359620571136475e-01
1.642372727394104004e+00
1.342000007629394531e+00
-4.875654876232147217e-01
5.292187690734863281e+00
-3.800884485244750977e+00
-1.544881105422973633e+00
-2.182115554809570312e+00
3.314067840576171875e+00
1.362882852554321289e+00
-6.980387568473815918e-01
9.536455273628234863e-01
2.675755500793457031e+00
-6.984171271324157715e-01
-6.109104156494140625e-01
-1.963885664939880371e+00
-3.874118566513061523e+00
3.476729154586791992e+00
-1.060659170150756836e+00
-6.760706901550292969e-01
1.417130112648010254e+00
2.798006772994995117e+00
2.461037874221801758e+00
1.198089599609375000e+00
1.684921383857727051e-01
-3.114504337310791016e+00
-3.022292852401733398e+00
-5.811853885650634766e+00
-3.020520210266113281e+00
4.106256961822509766e+00
2.841804027557373047e+00
-2.774770498275756836e+00
-6.233097910881042480e-01
-4.729603290557861328e+00
3.353401660919189453e+00
6.798635721206665039e-01
-6.700989603996276855e-01
-2.169661283493041992e+00
1.796139836311340332e+00
-9.775795936584472656e-01
5.652045011520385742e-01
2.315474271774291992e+00
2.611104726791381836e+00
-1.713944792747497559e+00
5.285436511039733887e-01
-1.633241176605224609e+00
1.067018032073974609e+00
-1.968863964080810547e+00
-4.358046054840087891e+00
8.992612957954406738e-01
-5.473166942596435547e+00
-1.535361170768737793e+00
2.550437688827514648e+00
-1.844890832901000977e+00
-2.313963413238525391e+00
-5.822151660919189453e+00
-2.695141792297363281e+00
4.211220264434814453e+00
3.739664554595947266e+00
-2.047607660293579102e+00
-2.242408514022827148e+00
5.927550792694091797e-01
-2.237792015075683594e+00
4.462997436523437500e+00
-1.280631780624389648e+00
5.352596282958984375e+00
-6.825784683227539062e+00
1.795385241508483887e+00
-8.170173764228820801e-01
3.935042381286621094e+00
1.155704140663146973e+00
1.428306221961975098e+00
-4.826019287109375000e+00
4.115232944488525391e+00
-6.259101629257202148e-01
-3.782377004623413086e+00
9.816052317619323730e-01
-1.127526879310607910e+00
-2.946215629577636719e+00
-7.751784324645996094e-01
-2.177832603454589844e+00
-3.822981417179107666e-01
9.233504295349121094e+00
9.583221673965454102e-01
-2.006275802850723267e-01
2.033800363540649414e+00
2.556996822357177734e+00
4.334666728973388672e+00
-2.761744022369384766e+00
1.343483090400695801e+00
-4.953503608703613281e+00
-9.550052881240844727e-01
2.698778808116912842e-01
3.859731554985046387e-01
-5.830484032630920410e-01
-3.714106798171997070e+00
3.175517559051513672e+00
7.804795503616333008e-01
2.764921188354492188e+00
-1.475236296653747559e+00
-2.479023694992065430e+00
-2.639000177383422852e+00
1.523740410804748535e+00
4.446311593055725098e-01
3.574598133563995361e-01
2.818188667297363281e+00
1.374895453453063965e+00
2.839099645614624023e+00
-2.554424524307250977e+00
2.259372472763061523e+00
-2.162543773651123047e+00
3.889867782592773438e+00
4.541302680969238281e+00
-1.255042195320129395e+00
1.787038564682006836e+00
4.873985052108764648e-01
-2.071079730987548828e+00
2.847035884857177734e+00
1.199908629059791565e-01
-3.731678962707519531e+00
1.191987514495849609e+00
2.268095016479492188e+00
1.212855219841003418e+00
-3.095206022262573242e-01
-2.682569503784179688e+00
2.215085506439208984e+00
-2.856082439422607422e+00
2.520214319229125977e-01
4.114872217178344727e-02
1.980008482933044434e+00
8.660282008349895477e-03
-4.069003582000732422e+00
1.613825559616088867e-01
-2.493139058351516724e-01
-4.665701389312744141e+00
-2.495891332626342773e+00
4.936743676662445068e-01
-9.600902199745178223e-01
-3.540648519992828369e-01
6.569213390350341797e+00
4.192430078983306885e-01
-2.869279623031616211e+00
-1.134991407394409180e+00
1.686284661293029785e+00
4.066845893859863281e+00
2.495323181152343750e+00
-1.168495535850524902e+00
1.571217894554138184e+00
2.761452436447143555e+00
2.479936599731445312e+00
2.832730531692504883e+00
2.170148372650146484e+00
5.505226135253906250e+00
6.027504444122314453e+00
-2.969521045684814453e+00
-9.153251349925994873e-02
3.768691539764404297e+00
-1.189935684204101562e+00
4.751149177551269531e+00
2.191369831562042236e-01
-4.831452369689941406e+00
-5.774395465850830078e-01
-2.728019952774047852e+00
-9.157152175903320312e-01
1.626852869987487793e+00
-2.002201557159423828e+00
-1.453608989715576172e+00
6.579689979553222656e-01
-4.665694236755371094e-01
3.009864807128906250e+00
2.681683301925659180e-01
-9.733505845069885254e-01
1.087340354919433594e+00
-5.279419478029012680e-03
2.034368991851806641e+00
-2.423329353332519531e+00
-7.334629893302917480e-01
1.420798778533935547e+00
2.881464481353759766e+00
-5.446586608886718750e-01
-2.606703042984008789e+00
3.355643749237060547e+00
-1.770078897476196289e+00
4.238987445831298828e+00
8.048598170280456543e-01
-3.276237249374389648e-01
-4.896022319793701172e+00
-2.176676034927368164e+00
2.837930917739868164e-01
-3.377510786056518555e+00
2.151597976684570312e+00
-4.096877098083496094e+00
2.162097692489624023e+00
-1.591257929801940918e+00
2.180591583251953125e+00
2.255425453186035156e+00
7.487735748291015625e-01
1.423227190971374512e+00
5.311845541000366211e-01
-4.264004230499267578e+00
-4.261277675628662109e+00
-1.791292309761047363e+00
7.183261871337890625e+00
9.127478003501892090e-01
3.524359464645385742e+00
3.077434062957763672e+00
4.153256893157958984e+00
-3.482815742492675781e+00
3.111468553543090820e+00
-2.787026405334472656e+00
1.987003833055496216e-01
9.790979623794555664e-01
-1.664485096931457520e+00
4.170793108642101288e-03
1.963953614234924316e+00
3.454108238220214844e+00
9.189324378967285156e-01
1.939990878105163574e+00
1.329579591751098633e+00
3.129325151443481445e+00
3.121365308761596680e+00
3.188134908676147461e+00
-5.128407478332519531e+00
1.732801198959350586e+00
-1.003344893455505371e+00
2.474098056554794312e-01
1.611528158187866211e+00
1.525131821632385254e+00
3.881299257278442383e+00
1.272889852523803711e+00
-1.571347117424011230e+00
-2.188271045684814453e+00
7.143095135688781738e-01
-1.191233396530151367e+00
1.543679833412170410e-01
1.866453409194946289e+00
7.138255596160888672e+00
-8.567354083061218262e-01
3.448644876480102539e-01
-1.325954914093017578e+00
6.570020198822021484e+00
5.132330060005187988e-01
-1.926630854606628418e+00
-1.209441050887107849e-01
5.203854560852050781e+00
-2.909489393234252930e+00
3.077527694404125214e-02
-2.975904226303100586e+00
1.250296831130981445e+00
-4.082372665405273438e+00
-4.264037609100341797e+00
-7.939753532409667969e-01
-4.629823684692382812e+00
-5.373067855834960938e-01
2.218384504318237305e+00
-1.465980261564254761e-01
5.207929611206054688e-01
-1.132617473602294922e+00
-2.733317613601684570e+00
-1.622290611267089844e+00
-5.448757648468017578e+00
-7.409192085266113281e+00
-1.317681074142456055e+00
1.440551519393920898e+00
-2.777954101562500000e+00
-2.009426057338714600e-01
3.826987743377685547e+00
3.702939510345458984e+00
3.587795495986938477e+00
-8.879831433296203613e-01
1.900276899337768555e+00
-8.430770039558410645e-01
1.366332411766052246e+00
-7.486915588378906250e-01
-2.928835153579711914e+00
3.145243406295776367e+00
2.133151531219482422e+00
-3.901194930076599121e-01
-6.646321415901184082e-01
-1.788528919219970703e+00
-1.243051767349243164e+00
-2.215482234954833984e+00
-2.137597560882568359e+00
-8.909632563591003418e-01
1.106103062629699707e+00
-1.387638568878173828e+00
5.789650082588195801e-01
-8.588965535163879395e-01
5.318847298622131348e-01
-5.660568237304687500e+00
2.318696022033691406e+00
-1.004542708396911621e+00
1.275678873062133789e-01
2.262615203857421875e+00
1.338548183441162109e+00
-3.744421958923339844e+00
