2.907243728637695312e+00
-1.447262644767761230e+00
-8.684941530227661133e-01
1.994179725646972656e+00
2.206655025482177734e+00
8.954851150512695312e+00
-8.749835014343261719e+00
-4.775583744049072266e+00
-7.737880706787109375e+00
-4.086895465850830078e+00
-1.132935643196105957e+00
5.271504521369934082e-01
-9.620466269552707672e-03
-6.737794280052185059e-01
-3.542268037796020508e+00
7.039476394653320312e+00
1.732958436012268066e+00
8.146792411804199219e+00
-4.406011581420898438e+00
-1.696007728576660156e+00
-5.310344696044921875e+00
3.171353578567504883e+00
1.843102335929870605e+00
6.183844208717346191e-01
6.081349849700927734e+00
3.146009206771850586e+00
1.952555775642395020e+00
-1.008229017257690430e+00
-3.554360270500183105e-01
-1.003586888313293457e+00
1.529255747795104980e+00
1.134054899215698242e+00
-5.370162963867187500e+00
-7.215406298637390137e-01
1.024946570396423340e-01
-1.343598723411560059e+00
1.474872708320617676e+00
1.392364382743835449e+00
3.269692361354827881e-01
-1.516829729080200195e+00
2.937087535858154297e+00
6.000287532806396484e+00
-2.428178489208221436e-01
4.176713824272155762e-01
-5.605885505676269531e+00
-1.639036536216735840e+00
6.964885711669921875e+00
1.391159176826477051e+00
-2.688029766082763672e+00
-5.043117046356201172e+00
-1.958629965782165527e+00
1.285469830036163330e-01
2.097336530685424805e+00
-2.964420318603515625e-01
-9.060648679733276367e-01
1.883399933576583862e-01
-3.423956871032714844e+00
-2.347783327102661133e+00
-3.255871057510375977e+00
1.166055560111999512e+00
5.891185760498046875e+00
5.094684123992919922e+00
-3.656534910202026367e+00
-2.716742992401123047e+00
1.308322250843048096e-01
8.250257968902587891e-01
1.440363287925720215e+00
6.114942550659179688e+00
2.571010351181030273e+00
-2.032868623733520508e+00
3.227134227752685547e+00
-4.886317729949951172e+00
-3.824155807495117188e+00
9.676938876509666443e-03
1.865489125251770020e+00
-1.247165322303771973e+00
8.607116937637329102e-01
4.248333454132080078e+00
-1.982220888137817383e+00
3.883074223995208740e-01
1.265078425407409668e+00
1.040089488029479980e+00
5.047107338905334473e-01
1.071990966796875000e+00
-5.385798931121826172e+00
3.257081747055053711e+00
-5.914660453796386719e+00
1.001709580421447754e+00
-5.074440002441406250e+00
-4.196069717407226562e+00
2.696849346160888672e+00
3.063999414443969727e+00
-6.725661277770996094e+00
5.631398677825927734e+00
5.649977684020996094e+00
-2.201274871826171875e+00
-6.444182395935058594e-01
-2.259196043014526367e+00
-2.631842851638793945e+00
-1.433075904846191406e+00
-3.413034081459045410e-01
-3.177140951156616211e+00
-1.435625910758972168e+00
-5.327327251434326172e+00
-2.326742887496948242e+00
6.460092067718505859e+00
-2.999537944793701172e+00
-4.819189310073852539e-01
-2.877693176269531250e-01
-9.536145329475402832e-01
-7.430425882339477539e-01
3.170958757400512695e-01
-1.735318422317504883e+00
-5.145813226699829102e-01
2.727300643920898438e+00
-2.598364353179931641e+00
-3.818888664245605469e+00
-2.409505844116210938e+00
-4.425531029701232910e-01
5.502696037292480469e-01
6.354902267456054688e+00
4.517704486846923828e+00
-8.614417910575866699e-02
-1.602204918861389160e+00
8.139034271240234375e+00
-6.477576494216918945e-02
-4.901221752166748047e+00
-5.640723705291748047e+00
1.903290599584579468e-01
-1.746809840202331543e+00
-2.210595130920410156e+00
1.534019112586975098e-01
6.454866528511047363e-01
-3.501405715942382812e+00
-6.620469689369201660e-01
-1.506785154342651367e+00
-1.762600183486938477e+00
1.927932620048522949e+00
3.000506877899169922e+00
3.010514736175537109e+00
-3.591782569885253906e+00
1.731759786605834961e+00
4.590745568275451660e-01
-4.128646373748779297e+00
2.262223720550537109e+00
1.141060948371887207e+00
3.034052371978759766e+00
-2.468158960342407227e+00
-3.255495548248291016e+00
-1.973668217658996582e+00
6.970499753952026367e-01
-1.379251718521118164e+00
1.844798803329467773e+00
-2.116455078125000000e+00
-4.859934329986572266e+00
3.197484493255615234e+00
9.764361381530761719e-01
-2.554415464401245117e-01
1.868455767631530762e+00
1.535794734954833984e+00
1.256255507469177246e-01
-3.884034395217895508e+00
-8.918847441673278809e-01
-1.794284701347351074e+00
-2.617474794387817383e+00
-4.480796679854393005e-02
3.628941535949707031e+00
-3.539194107055664062e+00
-3.733270883560180664e+00
9.683320522308349609e-01
1.393286585807800293e-01
2.069784402847290039e+00
-1.444949746131896973e+00
1.089805245399475098e+00
1.218927979469299316e+00
-3.373314857482910156e+00
-4.361323356628417969e+00
-9.559135437011718750e-01
2.167162418365478516e+00
2.356502711772918701e-01
1.557331442832946777e+00
-5.202661752700805664e-01
2.116381645202636719e+00
8.499761223793029785e-01
-2.005785226821899414e+00
-5.246887207031250000e+00
1.272683501243591309e+00
9.280486404895782471e-02
-3.279465913772583008e+00
-3.565257072448730469e+00
-4.122073173522949219e+00
-3.632066726684570312e+00
4.592045307159423828e+00
-3.050642907619476318e-01
-2.630290985107421875e+00
-2.528610706329345703e+00
3.883289337158203125e+00
1.164928972721099854e-01
1.656278252601623535e+00
-3.008000612258911133e+00
-5.875684261322021484e+00
-4.583271980285644531e+00
2.989900112152099609e+00
1.187891244888305664e+00
-7.093556523323059082e-01
-3.872284889221191406e+00
-7.650774717330932617e-01
1.412165284156799316e+00
-3.222056627273559570e+00
-2.720901250839233398e+00
3.344223022460937500e+00
4.124346256256103516e+00
3.552787780761718750e+00
7.593984127044677734e+00
4.645864963531494141e-01
-4.172362804412841797e+00
-3.493183612823486328e+00
3.600203752517700195e+00
-1.890681385993957520e+00
3.583044767379760742e+00
1.073946714401245117e+00
1.746480226516723633e+00
2.413809299468994141e+00
-2.753248691558837891e+00
-5.308324813842773438e+00
-3.148314058780670166e-01
-2.871700763702392578e+00
-1.666148543357849121e+00
-4.083374500274658203e+00
-1.015326499938964844e+00
-4.629336595535278320e-01
1.042325615882873535e+00
-2.389739036560058594e+00
4.793541431427001953e+00
1.472741365432739258e+00
-1.138520836830139160e+00
-1.697429656982421875e+00
-7.601138949394226074e-02
3.158132314682006836e+00
1.936401009559631348e+00
-2.774889469146728516e+00
7.630059123039245605e-01
1.855785012245178223e+00
4.947377145290374756e-01
-2.525469779968261719e+00
5.482909679412841797e+00
2.333842962980270386e-01
-9.838014096021652222e-02
3.216746449470520020e-01
2.142601728439331055e+00
9.739864468574523926e-01
-6.464905261993408203e+00
1.249639630317687988e+00
-3.914241552352905273e+00
6.617676615715026855e-01
2.465155839920043945e+00
1.671542525291442871e+00
6.053670406341552734e+00
-3.721877813339233398e+00
-1.873023033142089844e+00
-3.116579949855804443e-01
-2.433714389801025391e+00
-1.141321063041687012e+00
6.423538327217102051e-01
-1.729456186294555664e+00
1.831115007400512695e+00
-1.549376487731933594e+00
8.604994773864746094e+00
-2.347732067108154297e+00
-2.557211518287658691e-01
2.990010738372802734e+00
1.285837650299072266e+00
3.621270179748535156e+00
-2.448417901992797852e+00
1.132403731346130371e+00
2.369976758956909180e+00
6.558308601379394531e-01
-2.431128978729248047e+00
-9.889861941337585449e-01
-5.066293478012084961e-01
1.878611326217651367e+00
1.586484551429748535e+00
-4.209188222885131836e-01
-2.042669296264648438e+00
2.868312120437622070e+00
1.972164034843444824e+00
5.889177322387695312e+00
-1.114251613616943359e+00
-6.043221473693847656e+00
-1.287397980690002441e+00
-3.170100212097167969e+00
-3.605643749237060547e+00
-2.021175473928451538e-01
1.203717350959777832e+00
-1.943479061126708984e+00
2.381957173347473145e-01
1.664056301116943359e+00
1.548423171043395996e+00
1.885360002517700195e+00
-2.971478223800659180e+00
3.317282199859619141e+00
-5.783463120460510254e-01
2.139436960220336914e+00
3.962445259094238281e+00
-3.561481237411499023e+00
-2.208295583724975586e+00
2.789861202239990234e+00
-3.823489427566528320e+00
5.565427780151367188e+00
2.132899999618530273e+00
6.082955360412597656e+00
-7.077072858810424805e-01
-2.363124340772628784e-01
-9.376382827758789062e-01
-2.023384332656860352e+00
3.333043575286865234e+00
5.363787651062011719e+00
-5.414373278617858887e-01
2.458345890045166016e+00
-3.334320783615112305e+00
-4.862455725669860840e-01
5.588404655456542969e+00
-9.745176881551742554e-02
-3.789670228958129883e+00
-5.461479425430297852e-01
-1.857977628707885742e+00
3.939829468727111816e-01
2.593798160552978516e+00
6.764422416687011719e+00
7.893229007720947266e+00
-2.591492652893066406e+00
2.033335685729980469e+00
7.956068515777587891e+00
1.055287599563598633e+00
-5.901736617088317871e-01
3.761389732360839844e+00
5.223115921020507812e+00
2.150364160537719727e+00
3.455921649932861328e+00
1.046432733535766602e+00
9.465156793594360352e-01
2.252572536468505859e+00
-4.541149616241455078e+00
-3.319588899612426758e+00
-5.642880439758300781e+00
-4.010190367698669434e-01
-5.977496147155761719e+00
-8.816248178482055664e-01
-1.162661671638488770e+00
-1.531044125556945801e+00
-3.716062068939208984e+00
7.718633115291595459e-02
2.230720758438110352e+00
-9.088524580001831055e-01
-1.926928162574768066e+00
-5.382448196411132812e+00
-4.506278514862060547e+00
-4.422497749328613281e-01
-3.000716447830200195e+00
-1.168075799942016602e+00
1.955533146858215332e+00
8.330790400505065918e-01
3.166405916213989258e+00
-9.896737337112426758e-02
-4.026133060455322266e+00
1.053279399871826172e+00
5.438492298126220703e-01
9.254353046417236328e-01
-4.171214103698730469e-01
1.904454946517944336e+00
-4.680216789245605469e+00
2.914198875427246094e+00
-4.434696197509765625e+00
2.351046204566955566e-01
3.997221291065216064e-01
2.041793346405029297e+00
8.243523836135864258e-01
7.387222051620483398e-01
5.065059185028076172e+00
7.720481157302856445e-01
7.690791606903076172e+00
-1.085220128297805786e-01
2.960403203964233398e+00
-7.438677787780761719e+00
-1.469298362731933594e+00
2.048738479614257812e+00
3.404724836349487305e+00
4.966682910919189453e+00
4.466613292694091797e+00
-3.566804170608520508e+00
1.244184613227844238e+00
-3.311224937438964844e+00
7.814565300941467285e-01
2.447175681591033936e-01
-1.782645702362060547e+00
1.962297439575195312e+00
-7.993247509002685547e+00
-5.220522880554199219e-01
-7.678398489952087402e-01
1.055484056472778320e+00
-3.763862371444702148e+00
7.462424635887145996e-01
-1.503972887992858887e+00
5.477429628372192383e-01
-6.424841880798339844e-01
-3.906282484531402588e-01
1.912004828453063965e+00
-2.470299005508422852e+00
-7.747718691825866699e-01
-4.266507148742675781e+00
6.611879825592041016e+00
5.963889956474304199e-01
-6.549565792083740234e-01
3.580889701843261719e+00
3.667482614517211914e+00
-1.753479123115539551e+00
6.499409198760986328e+00
-4.120334148406982422e+00
-9.059909582138061523e-01
2.948532819747924805e+00
-2.391059160232543945e+00
5.188055992126464844e+00
-4.332352161407470703e+00
-5.933481216430664062e+00
4.625607430934906006e-01
2.136849641799926758e+00
-4.205911636352539062e+00
-1.760531902313232422e+00
2.399842888116836548e-01
2.998325347900390625e+00
6.286180615425109863e-01
-1.416975021362304688e+00
-5.235155105590820312e+00
8.363237380981445312e+00
-5.844664096832275391e+00
2.593583345413208008e+00
4.414270401000976562e+00
-1.755054354667663574e+00
3.602705240249633789e+00
-2.637496232986450195e+00
5.129471421241760254e-02
-3.189557790756225586e-01
-5.556686878204345703e+00
-3.922022342681884766e+00
4.333134651184082031e+00
2.784073114395141602e+00
3.780651330947875977e+00
-9.946129918098449707e-01
3.161425352096557617e+00
7.576070427894592285e-01
2.221052408218383789e+00
-3.227983713150024414e+00
-3.414625406265258789e+00
3.479988336563110352e+00
1.560618996620178223e+00
-2.384147882461547852e+00
-7.600451707839965820e-01
-4.156432628631591797e+00
5.298333168029785156e-01
4.523632526397705078e+00
4.242320358753204346e-01
-9.299199581146240234e-01
-2.487951993942260742e+00
-2.043917894363403320e+00
-2.056374549865722656e+00
4.398096561431884766e+00
4.350584506988525391e+00
-2.645944595336914062e+00
-2.419590950012207031e+00
3.019200861454010010e-01
3.214361906051635742e+00
-6.646239757537841797e+00
8.876657485961914062e-01
-3.508014917373657227e+00
2.315150976181030273e+00
1.288386940956115723e+00
-6.589858055114746094e+00
-1.153175354003906250e+00
-3.288095235824584961e+00
1.016773700714111328e+00
2.713587999343872070e+00
2.071117877960205078e+00
6.656361103057861328e+00
-2.038614034652709961e+00
1.537961483001708984e+00
6.596453189849853516e+00
5.033684730529785156e+00
2.911965847015380859e+00
-6.865201473236083984e+00
2.513896703720092773e+00
5.074593067169189453e+00
4.977445125579833984e+00
6.275373101234436035e-01
-6.804009675979614258e-01
-2.011420965194702148e+00
3.205119848251342773e+00
-2.004268169403076172e+00
-1.013206958770751953e+00
-7.496071338653564453e+00
-3.995319604873657227e+00
3.515411138534545898e+00
-1.796456456184387207e+00
-3.920531034469604492e+00
2.212049067020416260e-01
5.032530307769775391e+00
7.056178152561187744e-02
8.872122168540954590e-01
-1.703599810600280762e+00
4.926729679107666016e+00
-1.255067586898803711e+00
-2.188182324171066284e-01
1.333223104476928711e+00
1.456126213073730469e+00
6.087790489196777344e+00
7.026842236518859863e-01
-1.648119091987609863e+00
6.506348609924316406e+00
1.293225288391113281e+00
-2.850860357284545898e-02
-2.333541154861450195e+00
2.399336099624633789e+00
2.842205286026000977e+00
3.093901574611663818e-01
-6.232397079467773438e+00
-8.282095909118652344e+00
2.097737550735473633e+00
-7.821510434150695801e-01
-1.979128241539001465e+00
1.546660065650939941e+00
7.640867233276367188e-01
4.887797832489013672e+00
1.150938987731933594e+00
-2.712842941284179688e+00
3.508572578430175781e+00
1.174252033233642578e+00
1.041477680206298828e+00
-7.917881011962890625e-02
1.985053181648254395e+00
-3.189240097999572754e-01
-2.886106014251708984e+00
-4.390702724456787109e+00
-1.968154311180114746e+00
3.064666092395782471e-01
-2.845810413360595703e+00
6.635225772857666016e+00
3.644297838211059570e+00
-1.621991634368896484e+00
3.972911357879638672e+00
3.387844562530517578e+00
2.055135250091552734e+00
-8.213880658149719238e-01
-2.583590745925903320e+00
1.037567615509033203e+01
-5.970005989074707031e+00
4.597074031829833984e+00
-2.150396108627319336e+00
3.851562500000000000e+00
-5.637834548950195312e+00
4.454139232635498047e+00
1.937350153923034668e+00
-7.062738537788391113e-01
-8.489415049552917480e-01
5.007869720458984375e+00
-7.048707008361816406e-01
3.330996930599212646e-01
4.179354190826416016e+00
-8.346660137176513672e-01
1.705718755722045898e+00
-1.152852654457092285e+00
4.054924011230468750e+00
3.622288703918457031e-01
-5.779478073120117188e+00
3.177069187164306641e+00
2.365863084793090820e+00
3.975698947906494141e+00
-5.327048301696777344e+00
-1.667655944824218750e+00
9.762430191040039062e-01
-2.689915657043457031e+00
-2.158686399459838867e+00
1.121867418289184570e+00
-1.035407066345214844e+00
-2.716106653213500977e+00
1.743217468261718750e+00
-2.278282403945922852e+00
3.880900621414184570e+00
1.518294453620910645e+00
5.701959133148193359e+00
8.498342633247375488e-01
-1.341056227684020996e+00
4.167213439941406250e+00
-6.306950092315673828e+00
2.238059192895889282e-01
-2.606561899185180664e+00
2.277106523513793945e+00
8.990217208862304688e+00
-6.760116666555404663e-02
3.593982219696044922e+00
3.315521001815795898e+00
-3.475307464599609375e+00
1.383223414421081543e+00
6.802556037902832031e+00
-4.402884244918823242e-01
1.618953943252563477e+00
4.763906478881835938e+00
1.981494188308715820e+00
-3.462446928024291992e+00
-4.358168244361877441e-01
-2.205191850662231445e+00
2.025712728500366211e-01
1.011770129203796387e+00
1.421444177627563477e+00
6.345527172088623047e-01
-4.755746722221374512e-01
-6.321166753768920898e-01
-3.758271694183349609e+00
-4.361970901489257812e+00
5.865418434143066406e+00
-2.878429174423217773e+00
-2.769145488739013672e+00
-3.217327833175659180e+00
-9.579524397850036621e-01
1.651076555252075195e+00
2.656250953674316406e+00
2.449428290128707886e-01
9.887194633483886719e-01
-3.374888598918914795e-01
4.882076084613800049e-01
2.586268424987792969e+00
2.779186964035034180e+00
-1.810999512672424316e+00
-6.544077396392822266e-01
-4.424343109130859375e+00
2.507145166397094727e+00
1.205540060997009277e+00
8.790270090103149414e-01
-2.702077388763427734e+00
3.222774028778076172e+00
4.042290687561035156e+00
-3.061221361160278320e+00
-3.155761718750000000e+00
-3.585905313491821289e+00
-2.522323131561279297e+00
3.035486459732055664e+00
-2.428616762161254883e+00
1.490966677665710449e+00
4.300833702087402344e+00
-1.619183540344238281e+00
3.185384273529052734e+00
-3.257786750793457031e+00
1.053503990173339844e+00
5.172722816467285156e+00
-2.581613779067993164e+00
-3.152782320976257324e-01
1.696503460407257080e-01
-1.619398474693298340e+00
-1.432637333869934082e+00
2.691833019256591797e+00
8.146620392799377441e-01
-3.929418802261352539e+00
-1.102152585983276367e+00
-4.147744178771972656e+00
-2.068571567535400391e+00
-3.938622713088989258e+00
1.661260008811950684e+00
1.973341464996337891e+00
-2.807166278362274170e-01
-2.313049316406250000e+00
3.591728687286376953e+00
-1.203242897987365723e+00
-9.095152020454406738e-01
1.616743326187133789e+00
-3.178724765777587891e+00
-6.178882122039794922e-01
-4.484560489654541016e+00
-4.417603969573974609e+00
6.773058325052261353e-03
6.207161545753479004e-01
-2.589944839477539062e+00
1.269746541976928711e+00
-5.130252361297607422e+00
1.192662119865417480e+00
5.469858169555664062e+00
3.607350349426269531e+00
1.739403158426284790e-01
-5.485414266586303711e-01
-6.132195949554443359e+00
-9.055755734443664551e-01
2.696973800659179688e+00
-7.222993850708007812e+00
2.473518133163452148e+00
5.675286769866943359e+00
4.657901227474212646e-01
1.900704026222229004e+00
1.509075164794921875e+00
-1.327145218849182129e+00
1.662909686565399170e-01
-1.622301340103149414e-01
2.703886628150939941e-01
1.048740386962890625e+00
-3.673373222351074219e+00
-3.319070339202880859e+00
9.624040722846984863e-01
-3.542570769786834717e-01
-3.141848802566528320e+00
-3.628417551517486572e-01
-3.875148534774780273e+00
-2.305059671401977539e+00
-1.610256552696228027e+00
-4.141145646572113037e-01
2.841374874114990234e+00
6.770119667053222656e+00
-5.985140800476074219e+00
5.209471583366394043e-01
4.210454463958740234e+00
6.465219020843505859e+00
-2.255044460296630859e+00
3.348349571228027344e+00
-8.668980002403259277e-01
1.862093210220336914e+00
-3.001228332519531250e+00
-2.065608024597167969e+00
4.779364585876464844e+00
3.580253362655639648e+00
3.581362247467041016e+00
1.289265275001525879e+00
5.373610854148864746e-01
2.979122996330261230e-01
7.613210082054138184e-01
-1.715614318847656250e+00
3.415320873260498047e+00
1.804864525794982910e+00
1.163684248924255371e+00
-7.280356407165527344e+00
3.606624364852905273e+00
2.158578872680664062e+00
5.052660465240478516e+00
-5.484892725944519043e-01
1.603471040725708008e-01
1.190913200378417969e+00
3.316925525665283203e+00
2.629496812820434570e+00
-2.018447399139404297e+00
-1.535803198814392090e+00
5.433009862899780273e-01
1.566149473190307617e+00
1.930233673192560673e-03
5.869539737701416016e+00
4.733560562133789062e+00
1.975316286087036133e+00
2.069678783416748047e+00
-4.538650989532470703e+00
1.022900462150573730e+00
2.066360473632812500e+00
6.213249564170837402e-01
-2.572512149810791016e+00
-1.262734651565551758e+00
8.745022773742675781e+00
-7.211657047271728516e+00
1.742491602897644043e+00
1.809560060501098633e+00
-6.376065254211425781e+00
2.580431103706359863e-01
2.410731315612792969e+00
-1.492839217185974121e+00
-2.543222188949584961e+00
3.360356390476226807e-01
-9.434009194374084473e-01
2.348140627145767212e-01
-3.720570802688598633e-01
-5.354466661810874939e-02
-3.596328496932983398e+00
-6.498695850372314453e+00
1.864519834518432617e+00
1.288338541984558105e+00
-1.408794522285461426e+00
8.556087315082550049e-02
-4.189147472381591797e+00
-3.759828329086303711e+00
1.971446633338928223e+00
9.527842998504638672e-01
6.518715620040893555e-01
2.861275911331176758e+00
-2.920176267623901367e+00
-5.392551422119140625e+00
5.698522090911865234e+00
1.394512653350830078e+00
-5.684521198272705078e-01
-1.715628027915954590e+00
-9.109276533126831055e-01
4.217929244041442871e-01
4.782349109649658203e+00
3.845942258834838867e+00
3.621875047683715820e+00
-1.943416237831115723e+00
2.549173831939697266e+00
-1.792136311531066895e+00
1.265593647956848145e+00
1.928150534629821777e+00
9.989634752273559570e-01
-7.279012680053710938e+00
3.068644762039184570e+00
-7.318869590759277344e+00
-2.774707317352294922e+00
9.400631189346313477e-01
-5.234929919242858887e-01
-1.246777653694152832e+00
3.649149894714355469e+00
-4.005893230438232422e+00
9.730396270751953125e-01
1.020423889160156250e+00
1.733479976654052734e+00
1.628089100122451782e-01
6.147372126579284668e-01
9.831994771957397461e-01
5.381396293640136719e+00
-3.903975963592529297e+00
8.941172957420349121e-01
-3.907703876495361328e+00
-2.990106344223022461e+00
-1.441311717033386230e+00
1.617164969444274902e+00
-4.717487812042236328e+00
-3.413371086120605469e+00
-8.485174179077148438e+00
5.320282936096191406e+00
1.536211252212524414e+00
-2.087202787399291992e+00
-2.444574356079101562e+00
1.505864500999450684e+00
-2.185611486434936523e+00
4.585961103439331055e-01
3.618071556091308594e+00
8.420375585556030273e-01
2.225513458251953125e+00
-2.682918310165405273e+00
-1.757761001586914062e+00
-8.328253626823425293e-01
2.764979362487792969e+00
7.206990242004394531e+00
3.787584304809570312e+00
-4.151178300380706787e-01
1.078766703605651855e+00
1.727230668067932129e+00
-3.419055461883544922e+00
6.621345877647399902e-01
3.693674325942993164e+00
-3.456239461898803711e+00
3.435369729995727539e+00
1.470352292060852051e+00
3.870728492736816406e+00
-1.635906338691711426e+00
-5.064749717712402344e+00
-8.718519210815429688e-01
-1.193262457847595215e+00
1.150734066963195801e+00
4.031833410263061523e-01
3.240815401077270508e-01
-1.119946837425231934e+00
-1.068656325340270996e+00
-3.230322837829589844e+00
1.279961705207824707e+00
-3.884607791900634766e+00
-9.767298102378845215e-01
2.109496116638183594e+00
2.238787174224853516e+00
-1.666040539741516113e+00
6.303741335868835449e-01
6.237801551818847656e+00
-2.029267787933349609e+00
1.932623267173767090e+00
-2.028972387313842773e+00
1.763667464256286621e+00
2.223678588867187500e+00
4.012448310852050781e+00
3.756604194641113281e-01
-1.460081934928894043e+00
2.001964569091796875e+00
-1.962650418281555176e+00
7.881255149841308594e-01
1.736192703247070312e+00
4.523640155792236328e+00
4.790905714035034180e-01
-5.077409744262695312e+00
9.280012845993041992e-01
1.818779945373535156e+00
2.187904834747314453e+00
-6.078881025314331055e-01
1.180200576782226562e-01
1.359576731920242310e-01
-4.834965705871582031e+00
-8.507002830505371094e+00
3.413306474685668945e+00
-5.169452667236328125e+00
-9.675214767456054688e+00
-1.805344462394714355e+00
1.078916430473327637e+00
2.130328893661499023e+00
3.267395496368408203e-01
-2.250857591629028320e+00
-2.885689258575439453e+00
-1.929984092712402344e+00
2.959859371185302734e+00
-2.888833999633789062e+00
2.441225051879882812e+00
-1.846814513206481934e+00
1.068874955177307129e+00
2.282661199569702148e+00
-3.631872653961181641e+00
-1.745815992355346680e+00
-2.701657295227050781e+00
1.666818380355834961e+00
1.505676984786987305e+00
-3.861322402954101562e+00
-1.443661808967590332e+00
-1.043044447898864746e+00
-5.465487957000732422e+00
-3.743884801864624023e+00
-3.710866868495941162e-01
-1.421091794967651367e+00
3.997107446193695068e-01
-1.880740046501159668e+00
3.398563861846923828e+00
3.590376138687133789e+00
-1.155847191810607910e+00
-1.957512855529785156e+00
5.806167602539062500e+00
-2.301649093627929688e+00
2.213938474655151367e+00
-5.896254181861877441e-01
4.373676300048828125e+00
-1.812752962112426758e+00
2.018563985824584961e+00
3.000277042388916016e+00
3.371692895889282227e+00
3.759434700012207031e+00
1.004779815673828125e+00
-6.891489624977111816e-01
-1.868382573127746582e+00
-1.458073616027832031e+00
-1.985592007637023926e+00
5.945284366607666016e-01
5.894029140472412109e+00
1.096364185214042664e-01
2.042680263519287109e+00
2.799923658370971680e+00
-3.733412265777587891e+00
3.064156770706176758e-01
4.562699198722839355e-01
1.869808316230773926e+00
3.110435485839843750e+00
-1.971493601799011230e+00
1.347936630249023438e+00
-5.979007482528686523e-01
1.481276750564575195e+00
-2.971034526824951172e+00
3.427638769149780273e+00
-2.223472595214843750e+00
-4.177242815494537354e-01
-9.833129048347473145e-01
9.193627238273620605e-01
-3.276214122772216797e+00
2.376516759395599365e-01
-1.945331990718841553e-01
1.949716567993164062e+00
-2.688004255294799805e+00
5.121257305145263672e-01
4.833374321460723877e-01
4.467197656631469727e-01
1.068162471055984497e-01
-5.104628801345825195e-01
1.667443513870239258e+00
1.039326310157775879e+00
7.292150497436523438e+00
1.770456671714782715e+00
2.787651538848876953e+00
-2.363915681838989258e+00
-4.957460612058639526e-02
5.218490958213806152e-01
1.719999670982360840e+00
-3.304414749145507812e+00
-2.687858819961547852e+00
-7.891685366630554199e-01
-3.892289400100708008e-01
4.375152111053466797e+00
-1.183289527893066406e+00
-1.950632214546203613e+00
-6.817667961120605469e+00
-7.702903449535369873e-02
-5.786998271942138672e+00
3.123029232025146484e+00
1.725205421447753906e+00
4.030316829681396484e+00
1.176624894142150879e+00
1.937229990959167480e+00
4.780496120452880859e+00
7.913509607315063477e-01
3.488778352737426758e+00
1.935053229331970215e+00
1.836077570915222168e-01
-2.308787345886230469e+00
1.981670260429382324e+00
-5.192131996154785156e+00
-5.983067154884338379e-01
6.224379062652587891e+00
1.542244076728820801e+00
2.425970792770385742e+00
-1.588395953178405762e+00
3.929460525512695312e+00
-4.318887710571289062e+00
-1.481911301612854004e+00
-6.551240682601928711e-01
-2.333455324172973633e+00
7.681477665901184082e-01
2.546213150024414062e+00
-1.476065039634704590e+00
1.140960454940795898e+00
-2.605443716049194336e+00
-2.959467649459838867e+00
-5.512540936470031738e-01
-9.849273562431335449e-01
-7.702854156494140625e+00
-2.940544486045837402e-01
-5.352990150451660156e+00
