4.104466438293457031e+00
-3.768690109252929688e+00
-9.794646501541137695e-01
3.114526271820068359e+00
1.527346611022949219e+00
6.608408451080322266e+00
-4.176033973693847656e+00
7.620044350624084473e-01
-3.093551158905029297e+00
-4.736263751983642578e+00
-6.814169883728027344e-01
3.646720170974731445e+00
-6.077854156494140625e+00
-9.067426323890686035e-01
-3.126990795135498047e+00
1.098302078247070312e+01
-1.948762059211730957e+00
1.941915392875671387e+00
-5.260125637054443359e+00
-5.804518699645996094e+00
-1.971539556980133057e-01
4.227391719818115234e+00
-7.913907766342163086e-01
4.727122783660888672e+00
6.445314884185791016e+00
4.627195358276367188e+00
8.089660406112670898e-01
-5.435341000556945801e-01
-1.272890090942382812e+00
-4.577473640441894531e+00
3.563645839691162109e+00
1.194327592849731445e+00
3.255721628665924072e-01
-5.163934707641601562e+00
-1.973082423210144043e+00
-1.489480853080749512e+00
-1.770542412996292114e-01
2.066970825195312500e+00
-3.893012523651123047e+00
1.990466833114624023e+00
6.369196414947509766e+00
3.155666887760162354e-01
1.317133665084838867e+00
6.513387560844421387e-01
-2.875077962875366211e+00
1.066842675209045410e+00
4.503592491149902344e+00
2.061493396759033203e-01
-3.491240024566650391e+00
-4.482043266296386719e+00
-1.352938055992126465e+00
-1.528962016105651855e+00
-3.136509180068969727e+00
1.446223974227905273e+00
4.027696549892425537e-01
-2.098488569259643555e+00
-3.393272161483764648e+00
2.253020524978637695e+00
-3.995307445526123047e+00
3.348274707794189453e+00
8.621615767478942871e-01
2.696119785308837891e+00
-5.787280559539794922e+00
-2.957884550094604492e+00
-3.256871938705444336e+00
-4.375285208225250244e-01
2.101353645324707031e+00
-1.248279929161071777e+00
-1.075620889663696289e+00
-3.443116188049316406e+00
1.188602089881896973e+00
-1.036965465545654297e+01
-1.582704424858093262e+00
-1.552981257438659668e+00
-2.749099493026733398e+00
-4.521111249923706055e-01
1.219685673713684082e+00
4.901666641235351562e+00
3.019082546234130859e+00
-1.142614006996154785e+00
-1.896946132183074951e-01
5.248338222503662109e+00
2.873861789703369141e+00
-4.094979286193847656e+00
-1.805437088012695312e+00
5.405217170715332031e+00
-2.323957920074462891e+00
-1.308183193206787109e+00
-2.180761337280273438e+00
2.398469924926757812e+00
3.649235963821411133e+00
4.028791427612304688e+00
-3.023719787597656250e+00
5.031790256500244141e+00
2.357215166091918945e+00
2.205182552337646484e+00
-2.670929670333862305e+00
-3.294734716415405273e+00
-1.416503906250000000e+00
-4.368115901947021484e+00
1.837969869375228882e-01
-3.181017935276031494e-01
-3.763211965560913086e+00
-3.846553325653076172e+00
1.195827126502990723e+00
2.061534404754638672e+00
-5.034249782562255859e+00
3.250499010086059570e+00
-2.333057641983032227e+00
2.164554119110107422e+00
-8.376064896583557129e-01
1.036013960838317871e+00
7.194852828979492188e-01
2.794242382049560547e+00
1.103217244148254395e+00
-4.751526355743408203e+00
-3.880610466003417969e+00
-3.723602533340454102e+00
-2.552380084991455078e+00
1.140330791473388672e+00
3.572783470153808594e+00
3.795105934143066406e+00
-2.070126980543136597e-01
-2.293956756591796875e+00
6.884444236755371094e+00
-1.425547242164611816e+00
-3.608559131622314453e+00
-4.806542873382568359e+00
1.011375665664672852e+00
-2.582898736000061035e-01
-8.081614375114440918e-01
-2.179519414901733398e+00
-3.129365205764770508e+00
-3.494477272033691406e+00
1.060273885726928711e+00
-1.223758578300476074e+00
1.679089784622192383e+00
-2.022019386291503906e+00
8.866093754768371582e-01
-3.585618436336517334e-01
-2.012600183486938477e+00
-2.410486936569213867e+00
3.627250194549560547e+00
-4.530691146850585938e+00
2.569598913192749023e+00
-1.407289147377014160e+00
2.184516191482543945e+00
-5.832000374794006348e-01
2.026677131652832031e-01
-4.603374004364013672e+00
-1.145035862922668457e+00
-1.664839863777160645e+00
2.311480283737182617e+00
-2.668348312377929688e+00
-1.395202636718750000e+00
2.712054491043090820e+00
1.472303628921508789e+00
-2.326670885086059570e+00
-1.383691906929016113e+00
4.392921328544616699e-01
2.127463579177856445e+00
-3.465061426162719727e+00
1.300378561019897461e+00
1.753021180629730225e-01
-1.479076147079467773e+00
3.648169517517089844e+00
-1.436178088188171387e+00
-7.511679172515869141e+00
2.182404994964599609e+00
-2.950998246669769287e-01
-1.666734069585800171e-01
2.666813135147094727e+00
-2.796953201293945312e+00
1.319296937435865402e-02
1.699161410331726074e+00
3.525855541229248047e+00
-1.891140222549438477e+00
-3.321814298629760742e+00
-1.311094760894775391e+00
2.788587808609008789e+00
-1.887441754341125488e+00
7.252036333084106445e-01
-2.684806823730468750e+00
-3.224462270736694336e-01
-2.186828851699829102e+00
-4.896553516387939453e+00
2.612185478210449219e+00
-5.270052433013916016e+00
-2.064782619476318359e+00
-2.727301359176635742e+00
-4.148064613342285156e+00
-5.170654773712158203e+00
-1.826624989509582520e+00
-2.996861219406127930e+00
-2.122640609741210938e+00
-4.790238380432128906e+00
1.570441246032714844e+00
-1.777114272117614746e+00
1.525886207818984985e-01
-6.017340660095214844e+00
-4.589430332183837891e+00
-1.165045857429504395e+00
2.341432571411132812e+00
2.488946914672851562e+00
-1.624064683914184570e+00
-1.476224958896636963e-01
-3.827433288097381592e-01
3.104702711105346680e+00
-2.550234317779541016e+00
-4.385798454284667969e+00
1.017189621925354004e+00
8.149237036705017090e-01
2.606223344802856445e+00
4.129271030426025391e+00
8.174913525581359863e-01
-3.035761117935180664e+00
-1.184295177459716797e+00
-1.893595576286315918e+00
1.659625411033630371e+00
2.617673873901367188e+00
2.138358592987060547e+00
2.094849586486816406e+00
1.987354516983032227e+00
-2.301898300647735596e-01
-4.698604106903076172e+00
1.860886454582214355e+00
-2.304055988788604736e-01
4.627144634723663330e-01
-1.854827165603637695e+00
1.037218123674392700e-01
-3.686007738113403320e+00
-4.023784697055816650e-01
5.764804840087890625e+00
-1.614912509918212891e+00
1.732777357101440430e+00
3.264883279800415039e+00
2.282696008682250977e+00
-9.247165322303771973e-01
-1.345130801200866699e+00
-4.169782400131225586e-01
-3.990390062332153320e+00
-1.928938776254653931e-01
-2.388053834438323975e-01
1.133219480514526367e+00
-1.552900195121765137e+00
3.386574983596801758e+00
3.155189514160156250e+00
7.066821306943893433e-02
-1.016090869903564453e+00
1.703833460807800293e+00
4.499331414699554443e-01
-6.347145557403564453e+00
1.181345939636230469e+00
-5.013393402099609375e+00
2.689351081848144531e+00
-2.418955802917480469e+00
-6.000968813896179199e-01
3.531205415725708008e+00
-3.770929574966430664e+00
-1.017094135284423828e+00
-3.311871767044067383e+00
-2.314285755157470703e+00
-5.427119731903076172e-01
6.096211671829223633e-01
-8.074422478675842285e-01
1.399680137634277344e+00
9.602675437927246094e-01
5.570602893829345703e+00
-1.805305361747741699e+00
-8.167074620723724365e-02
6.770046710968017578e+00
8.090195655822753906e-01
2.515347242355346680e+00
3.113497972488403320e+00
1.825358390808105469e+00
1.218392133712768555e+00
-9.940268844366073608e-02
-1.612644076347351074e+00
8.399400711059570312e-01
4.610581874847412109e+00
2.426839113235473633e+00
4.235357761383056641e+00
-2.322188854217529297e+00
-6.571373939514160156e+00
7.719618678092956543e-01
4.083476543426513672e+00
-1.798696756362915039e+00
8.137699365615844727e-01
3.953917026519775391e-01
2.320688247680664062e+00
-3.955138444900512695e+00
-2.341806173324584961e+00
-1.565495252609252930e+00
3.185058236122131348e-01
-1.425660997629165649e-01
-2.003305912017822266e+00
1.474511981010437012e+00
3.697383880615234375e+00
-1.239183187484741211e+00
-1.235575675964355469e+00
2.639108896255493164e+00
2.082047462463378906e+00
-3.665418386459350586e+00
-1.050367474555969238e+00
-2.793734371662139893e-01
2.570205926895141602e+00
-4.592314958572387695e-01
-2.660446882247924805e+00
3.661819994449615479e-01
3.020040988922119141e+00
6.898640155792236328e+00
9.349645972251892090e-01
-1.261227250099182129e+00
-1.377661824226379395e+00
4.002136707305908203e+00
-8.129082322120666504e-01
2.208307981491088867e+00
-6.409063339233398438e-01
2.601179838180541992e+00
-6.654956340789794922e-01
1.748331665992736816e+00
4.498527050018310547e+00
-4.371428012847900391e+00
4.189208522439002991e-02
-3.035552024841308594e+00
2.546199560165405273e+00
3.225929737091064453e+00
-1.553847670555114746e+00
1.819849371910095215e+00
6.965659618377685547e+00
-3.745867013931274414e+00
2.757143497467041016e+00
7.512762069702148438e+00
7.446951866149902344e-01
3.958643227815628052e-02
4.647142887115478516e+00
9.835140228271484375e+00
3.956972122192382812e+00
1.792716383934020996e+00
2.385925531387329102e+00
6.133893728256225586e-01
5.712519884109497070e-01
1.433645248413085938e+00
-2.373164415359497070e+00
-2.892323017120361328e+00
-4.096063613891601562e+00
-2.593476772308349609e+00
9.083659946918487549e-02
-2.632516622543334961e+00
2.158784568309783936e-01
-4.344589710235595703e+00
1.119647860527038574e+00
-1.275734305381774902e+00
-1.723160147666931152e+00
-3.352065324783325195e+00
-2.883881568908691406e+00
-1.114912778139114380e-01
-1.340828239917755127e-01
-5.554321408271789551e-02
2.869320869445800781e+00
-1.756232529878616333e-01
2.880245149135589600e-01
1.703506112098693848e+00
-9.500014781951904297e-01
-4.228960275650024414e-01
2.100449323654174805e+00
-5.111007690429687500e-01
-8.319519162178039551e-01
3.595077037811279297e+00
1.460617065429687500e+00
-2.081655263900756836e+00
4.357702732086181641e+00
1.067193076014518738e-01
-7.523241918534040451e-03
3.658745288848876953e+00
-2.374503850936889648e+00
4.464285850524902344e+00
2.713390350341796875e+00
2.200333118438720703e+00
-5.196964263916015625e+00
5.791081428527832031e+00
-3.138570547103881836e+00
-1.559946298599243164e+00
-1.796840190887451172e+00
-1.919710159301757812e+00
-5.002518892288208008e-01
-9.500406980514526367e-01
1.351789951324462891e+00
-1.752945780754089355e+00
1.832303285598754883e+00
3.868717908859252930e+00
-3.730785369873046875e+00
-4.772562980651855469e-01
1.252054810523986816e+00
-1.347406506538391113e+00
3.050746917724609375e+00
-7.949592590332031250e+00
-1.518961071968078613e+00
3.265934586524963379e-01
1.898675560951232910e+00
-4.733654975891113281e+00
-1.014601707458496094e+00
-2.493942499160766602e+00
-5.934549570083618164e-01
5.633514523506164551e-01
-3.361184835433959961e+00
1.900442600250244141e+00
4.396224975585937500e+00
-1.231288909912109375e+00
-2.409725427627563477e+00
4.992964744567871094e+00
4.275844097137451172e+00
-5.188041687011718750e+00
1.400576949119567871e+00
-2.548375368118286133e+00
1.176953911781311035e+00
3.350403070449829102e+00
-5.034875869750976562e-01
-2.511591434478759766e+00
2.846287250518798828e+00
-3.296767711639404297e+00
2.680567502975463867e+00
-4.628091812133789062e+00
-5.945558071136474609e+00
-3.135970234870910645e-01
-1.361908763647079468e-01
-4.664729595184326172e+00
3.901569247245788574e-01
2.100408077239990234e+00
2.476951122283935547e+00
-1.917245864868164062e+00
-2.517277002334594727e+00
-3.022831201553344727e+00
5.404797077178955078e+00
-6.888172149658203125e+00
4.226615130901336670e-01
5.845177173614501953e+00
-6.232938542962074280e-02
-1.268455624580383301e+00
3.561159968376159668e-01
2.299933671951293945e+00
3.965041637420654297e+00
-2.362127780914306641e+00
2.286531627178192139e-01
1.244308114051818848e+00
1.665485978126525879e+00
1.802829951047897339e-01
-1.002014040946960449e+00
-1.227434754371643066e+00
1.029571175575256348e+00
3.575161695480346680e+00
-7.256151437759399414e-01
-3.517917394638061523e+00
2.092663526535034180e+00
-9.031932353973388672e-01
-8.211050629615783691e-01
-5.579773783683776855e-01
-1.410809516906738281e+00
1.071937322616577148e+00
3.099734783172607422e-01
-2.357122659683227539e+00
-2.377785205841064453e+00
-1.954340219497680664e+00
4.138062596321105957e-01
-1.295714735984802246e+00
4.020803928375244141e+00
-2.777064323425292969e+00
-7.833428382873535156e-01
3.192187547683715820e+00
-3.045705795288085938e+00
-1.725132703781127930e+00
-4.413982868194580078e+00
2.263759374618530273e+00
-4.800176620483398438e+00
8.599109649658203125e-01
3.611631989479064941e-01
4.267531871795654297e+00
6.975907087326049805e-01
-6.508288383483886719e+00
2.909906387329101562e+00
-8.975160121917724609e-01
-3.316820144653320312e+00
6.194248676300048828e+00
4.971678182482719421e-02
1.876940608024597168e+00
3.388940811157226562e+00
2.057668685913085938e+00
-1.836566805839538574e+00
-5.007648468017578125e+00
1.455088257789611816e+00
2.910192012786865234e+00
8.612480014562606812e-02
1.504065513610839844e+00
1.271018624305725098e+00
2.717903852462768555e+00
7.177411317825317383e-01
2.638726234436035156e+00
-3.248021841049194336e+00
-6.186773777008056641e+00
-2.205680847167968750e+00
2.776075839996337891e+00
1.666239500045776367e+00
1.001683115959167480e+00
-6.689606904983520508e-01
-9.996644854545593262e-01
-1.862614512443542480e+00
2.628028869628906250e+00
-1.387572526931762695e+00
2.409425020217895508e+00
1.647659301757812500e+00
-2.419733762741088867e+00
2.523233175277709961e+00
2.939333438873291016e+00
1.186228632926940918e+00
-2.613625288009643555e+00
-5.616559982299804688e-01
2.779594421386718750e+00
-2.196443080902099609e+00
-2.197849750518798828e+00
-3.743370175361633301e-01
5.763421058654785156e+00
-2.727072536945343018e-01
-7.695647478103637695e-01
-2.552532911300659180e+00
-7.266350746154785156e+00
6.376364707946777344e+00
1.942596912384033203e+00
-2.803816556930541992e+00
-1.489526867866516113e+00
1.848408579826354980e+00
3.683143854141235352e+00
3.093474388122558594e+00
-2.534874677658081055e+00
1.584615111351013184e-01
1.928665786981582642e-01
2.881349563598632812e+00
5.094116926193237305e-01
-1.380264639854431152e+00
2.231504440307617188e+00
-1.277166962623596191e+00
9.905647039413452148e-01
-1.406430363655090332e+00
2.960986852645874023e+00
-5.172547817230224609e+00
1.174049377441406250e+00
2.063514947891235352e+00
-5.335061550140380859e+00
3.121032238006591797e+00
1.066859126091003418e+00
3.667932152748107910e-01
-9.186202883720397949e-01
-1.975493907928466797e+00
6.939625263214111328e+00
-5.443242073059082031e+00
3.588023900985717773e+00
-1.168704509735107422e+00
-1.997067570686340332e+00
-4.023222923278808594e+00
-3.035055398941040039e+00
-2.095397472381591797e+00
-7.974920272827148438e-01
1.069716572761535645e+00
-1.296490311622619629e+00
-1.402272224426269531e+00
8.261210322380065918e-01
-2.088268280029296875e+00
-1.394130468368530273e+00
2.515388727188110352e+00
3.188105106353759766e+00
-4.965654015541076660e-01
6.319820404052734375e+00
-3.551907300949096680e+00
1.466745138168334961e+00
1.126695990562438965e+00
2.933832406997680664e+00
-6.048151493072509766e+00
-2.409950017929077148e+00
4.253134250640869141e+00
-4.031259536743164062e+00
-2.697628498077392578e+00
3.051240205764770508e+00
4.453460127115249634e-02
-5.073238849639892578e+00
-2.419519901275634766e+00
-9.371807575225830078e-01
1.795601844787597656e+00
1.597713589668273926e+00
3.289490222930908203e+00
6.422560811042785645e-01
-1.680850982666015625e+00
4.714895725250244141e+00
-1.952355504035949707e+00
-7.436521649360656738e-01
7.513744235038757324e-01
4.385363578796386719e+00
1.230008840560913086e+00
1.733989477157592773e+00
4.824805557727813721e-01
3.089073419570922852e+00
2.174703478813171387e-01
2.662143468856811523e+00
3.904183387756347656e+00
4.267222404479980469e+00
3.580576419830322266e+00
4.245167732238769531e+00
-1.777556777000427246e+00
-3.542418003082275391e+00
-1.239525079727172852e+00
-2.144395112991333008e+00
-1.997519731521606445e+00
-7.473319172859191895e-01
-1.728314459323883057e-01
-9.250417351722717285e-02
5.706640481948852539e-01
1.850174427032470703e+00
-5.135321140289306641e+00
-2.285364627838134766e+00
3.654622793197631836e+00
-2.220290422439575195e+00
-2.184454917907714844e+00
2.159663476049900055e-02
2.566116750240325928e-01
2.013062477111816406e+00
4.675063610076904297e+00
-2.806262969970703125e+00
-1.177610278129577637e+00
6.887342035770416260e-02
-1.280607581138610840e-01
1.930852651596069336e+00
-1.223343372344970703e+00
9.888991117477416992e-01
-1.583757162094116211e+00
-3.613032102584838867e+00
4.322438240051269531e-01
3.681843519210815430e+00
1.620449900627136230e+00
-7.592665195465087891e+00
3.550839051604270935e-02
-8.282112479209899902e-01
3.169992864131927490e-01
-8.535295724868774414e-02
-1.778986215591430664e+00
-1.176904916763305664e+00
8.948167562484741211e-01
2.932155132293701172e-01
1.777862906455993652e+00
1.937320351600646973e+00
4.571354389190673828e+00
2.103898763656616211e+00
-4.426348209381103516e+00
3.176634073257446289e+00
9.682070612907409668e-01
-1.622221469879150391e+00
1.496649026870727539e+00
-1.183505773544311523e+00
-7.819122076034545898e-01
-3.294039964675903320e-01
4.426589488983154297e+00
4.610153675079345703e+00
-6.599630832672119141e+00
4.225513935089111328e+00
-4.783026695251464844e+00
1.677270650863647461e+00
1.692139506340026855e+00
2.443926095962524414e+00
-3.947297036647796631e-01
6.638156175613403320e-01
3.039571046829223633e+00
4.628555774688720703e+00
-7.934719324111938477e-01
3.360601663589477539e+00
-1.613758444786071777e+00
2.327892541885375977e+00
-1.804839521646499634e-01
-4.483303055167198181e-02
1.170319318771362305e+00
-1.627091407775878906e+00
1.069429159164428711e+00
-2.622723579406738281e+00
8.674823641777038574e-01
-1.767842769622802734e+00
8.916763961315155029e-02
2.468590497970581055e+00
-1.701512257568538189e-03
5.809995532035827637e-01
2.525475740432739258e+00
-3.119860649108886719e+00
-1.615567445755004883e+00
1.395484566688537598e+00
-2.300325155258178711e+00
-5.929096341133117676e-01
6.327850818634033203e+00
1.424517393112182617e+00
-4.073321819305419922e+00
1.544762372970581055e+00
-1.074407100677490234e+00
-9.233053922653198242e-01
3.348651170730590820e+00
-2.230303436517715454e-01
2.448189735412597656e+00
-8.007177114486694336e-01
-1.275645852088928223e+00
-4.840056419372558594e+00
-3.443472087383270264e-01
-2.416658163070678711e+00
-8.188877701759338379e-01
5.487280488014221191e-01
-1.865859627723693848e+00
-2.748664021492004395e-01
1.261211156845092773e+00
2.798135519027709961e+00
-2.746380805969238281e+00
-4.721770286560058594e+00
6.303324222564697266e+00
-6.021330356597900391e-01
5.665205001831054688e+00
1.213683485984802246e+00
1.619774460792541504e+00
1.548729389905929565e-01
-2.197350978851318359e+00
2.640577256679534912e-01
-1.628712892532348633e+00
2.858111858367919922e+00
3.010952472686767578e+00
8.297902941703796387e-01
-1.909640580415725708e-01
6.813449859619140625e-01
5.506036758422851562e+00
1.301336169242858887e+00
2.294360637664794922e+00
2.612702369689941406e+00
3.827259838581085205e-01
2.989979028701782227e+00
-4.355762958526611328e+00
1.435438275337219238e+00
-2.366875171661376953e+00
2.415016651153564453e+00
1.100710868835449219e+00
-2.517700433731079102e+00
3.678497314453125000e+00
2.481041669845581055e+00
-2.230155318975448608e-01
-2.518714904785156250e+00
-5.343588352203369141e+00
-3.561155080795288086e+00
4.592127323150634766e+00
-4.489244937896728516e+00
3.211151838302612305e+00
6.162247657775878906e-01
-1.057824254035949707e+00
5.499421119689941406e+00
-4.242925643920898438e+00
2.656049728393554688e+00
-1.781929969787597656e+00
-1.701521754264831543e+00
-1.152104020118713379e+00
-3.015388011932373047e+00
7.348990917205810547e+00
-1.933385252952575684e+00
9.485586881637573242e-01
3.258269071578979492e+00
-2.505635976791381836e+00
-2.762424230575561523e+00
3.342848420143127441e-01
-3.779477775096893311e-01
1.102642774581909180e+00
2.649696350097656250e+00
-2.787870645523071289e+00
-4.783031642436981201e-01
-2.536569118499755859e+00
4.284460544586181641e+00
-3.906034529209136963e-01
-3.464136362075805664e+00
-4.269815921783447266e+00
-9.275110960006713867e-01
5.810527801513671875e-01
2.967191219329833984e+00
-2.166479587554931641e+00
-3.809539794921875000e+00
-3.532197475433349609e+00
-1.727269589900970459e-01
3.510414123535156250e+00
-9.533789157867431641e-01
-1.106593608856201172e+00
-4.199159145355224609e+00
6.652029156684875488e-01
8.453229665756225586e-01
-3.332222700119018555e-01
-1.079264044761657715e+00
3.768985271453857422e+00
8.945018053054809570e-02
5.081757545471191406e+00
4.031164169311523438e+00
7.229542732238769531e+00
-1.360369205474853516e+00
2.438800811767578125e+00
-6.296008586883544922e+00
3.531665325164794922e+00
-3.928212165832519531e+00
-1.454140067100524902e+00
-6.519796371459960938e+00
5.543230056762695312e+00
-4.012943267822265625e+00
-1.772642135620117188e+00
2.730962991714477539e+00
-7.241782546043395996e-01
-1.467144727706909180e+00
4.458284378051757812e+00
-1.362043499946594238e+00
-4.292805194854736328e+00
4.792547225952148438e+00
3.355665922164916992e+00
-5.672143101692199707e-01
2.495740652084350586e+00
2.658023834228515625e+00
4.709926128387451172e+00
-2.786855459213256836e+00
9.624797105789184570e-01
-3.684379816055297852e+00
-7.587229609489440918e-01
9.343355894088745117e-01
1.588305592536926270e+00
-3.289067268371582031e+00
-2.082349061965942383e+00
-1.817077398300170898e+00
4.267470836639404297e+00
9.813241362571716309e-01
-5.569122791290283203e+00
-3.749242782592773438e+00
1.347050428390502930e+00
7.480581998825073242e-01
5.346703529357910156e-01
5.958726406097412109e+00
2.072680234909057617e+00
-9.237732291221618652e-01
4.734995067119598389e-01
6.423655748367309570e-01
8.074987530708312988e-01
-3.913653641939163208e-02
5.092639446258544922e+00
-7.165200710296630859e-01
-1.158018112182617188e+00
2.017012834548950195e+00
2.595348358154296875e-01
-3.396203994750976562e+00
4.488476276397705078e+00
3.198879241943359375e+00
-2.913396120071411133e+00
-1.606063961982727051e+00
4.249233007431030273e-01
2.003931999206542969e+00
-6.660496592521667480e-01
-1.663653254508972168e+00
1.896759271621704102e+00
-1.722620129585266113e+00
-1.626451730728149414e+00
-3.560737609863281250e+00
2.666936159133911133e+00
-1.896239161491394043e+00
-3.684086084365844727e+00
-2.784852743148803711e+00
-2.294177293777465820e+00
-5.189450263977050781e+00
-1.806255459785461426e+00
-2.332220077514648438e+00
2.120038270950317383e+00
-6.804472208023071289e-01
5.598339080810546875e+00
2.066485166549682617e+00
-4.344385623931884766e+00
3.640136957168579102e+00
-4.090312957763671875e+00
-4.647821784019470215e-01
9.683989286422729492e-01
-4.124427318572998047e+00
2.660322904586791992e+00
-7.501270174980163574e-01
-5.527408719062805176e-01
2.399037837982177734e+00
3.047373533248901367e+00
1.626183032989501953e+00
3.176470279693603516e+00
-1.186137437820434570e+00
-8.907282948493957520e-01
1.584957480430603027e+00
-4.716780483722686768e-01
9.070802927017211914e-01
1.711148142814636230e+00
-3.833193063735961914e+00
-3.520197868347167969e+00
-3.509647130966186523e+00
-4.566919326782226562e+00
1.505818843841552734e+00
-5.961372852325439453e-01
-6.967056751251220703e+00
-3.863525152206420898e+00
7.346893548965454102e-01
1.268752336502075195e+00
1.005562186241149902e+00
-9.762985706329345703e-01
6.932842135429382324e-01
-2.326134681701660156e+00
3.590551391243934631e-02
-3.718549728393554688e+00
-7.630515694618225098e-01
-1.127965927124023438e+00
3.082605123519897461e+00
5.895916223526000977e-01
-5.765999317169189453e+00
1.455733895301818848e+00
-3.282932281494140625e+00
6.024221181869506836e-01
4.215785503387451172e+00
-5.960638999938964844e+00
-2.648613691329956055e+00
5.130559802055358887e-01
-4.739315032958984375e+00
1.175781965255737305e+00
8.980059623718261719e-01
1.155794501304626465e+00
3.840827703475952148e+00
-1.991919040679931641e+00
4.249883651733398438e+00
5.305343151092529297e+00
2.377837300300598145e-01
2.136287689208984375e+00
5.436873435974121094e+00
-2.875067234039306641e+00
-9.793103337287902832e-01
-2.370804548263549805e+00
-1.298869013786315918e+00
-5.008252859115600586e-01
-1.187099099159240723e+00
1.660279154777526855e+00
1.533254027366638184e+00
9.838876724243164062e-01
7.999738454818725586e-01
-4.841536521911621094e+00
1.606255173683166504e+00
-1.354887127876281738e+00
5.990861654281616211e-01
-1.386855691671371460e-01
3.884123086929321289e+00
-1.902072310447692871e+00
-1.719550848007202148e+00
6.945649981498718262e-01
-3.845417261123657227e+00
1.196979641914367676e+00
4.336390495300292969e+00
2.858530521392822266e+00
-2.601218461990356445e+00
3.464500904083251953e-01
-3.038943111896514893e-01
2.444390296936035156e+00
2.414499521255493164e+00
-3.005925178527832031e+00
1.313611507415771484e+00
-6.595931053161621094e-01
-1.048857718706130981e-01
-1.531813144683837891e+00
-3.339759349822998047e+00
-1.716561436653137207e+00
3.061711311340332031e+00
2.574863195419311523e+00
2.629307270050048828e+00
-8.202888369560241699e-01
1.347106814384460449e+00
3.328140497207641602e+00
-3.245556116104125977e+00
6.459639668464660645e-01
-5.141451954841613770e-01
1.416308283805847168e-01
-1.609617322683334351e-01
1.446744561195373535e+00
-1.246622920036315918e+00
2.801177501678466797e+00
-6.580661535263061523e-01
1.627642393112182617e+00
-4.647537231445312500e+00
5.511009216308593750e+00
-5.650955200195312500e+00
-2.547197341918945312e+00
9.110928177833557129e-01
1.363841056823730469e+00
-1.766047358512878418e+00
7.444239854812622070e-01
3.914278000593185425e-02
1.104211568832397461e+00
-4.107115745544433594e+00
-4.080203056335449219e+00
-9.930390715599060059e-01
-2.165406048297882080e-01
-6.251961588859558105e-01
-1.744291901588439941e+00
1.135150671005249023e+00
3.251637220382690430e+00
-1.275969505310058594e+00
2.369804859161376953e+00
2.989513397216796875e+00
-6.871762871742248535e-02
2.960784733295440674e-01
-4.314269065856933594e+00
-4.040796279907226562e+00
3.518780469894409180e+00
3.218053340911865234e+00
-5.429667606949806213e-02
-1.247144266963005066e-01
-1.983537554740905762e+00
1.463930010795593262e+00
-1.646317362785339355e+00
-1.840931177139282227e+00
3.346228361129760742e+00
-2.803689479827880859e+00
-3.177468478679656982e-01
-1.854438304901123047e+00
-2.492621898651123047e+00
2.466828584671020508e+00
-2.363920927047729492e+00
-2.097617626190185547e+00
-2.412856101989746094e+00
-1.155270338058471680e+00
-2.747290611267089844e+00
9.546313881874084473e-01
-2.553704023361206055e+00
