6.775848388671875000e+00
-3.349801063537597656e+00
-8.587582111358642578e-01
4.364330768585205078e+00
7.133305072784423828e+00
5.227480888366699219e+00
-3.432615995407104492e+00
1.208416700363159180e+00
-9.512763977050781250e+00
-3.904170036315917969e+00
-6.118407249450683594e+00
-3.776755809783935547e+00
-4.091711521148681641e+00
-6.909214258193969727e-01
-4.174815177917480469e+00
9.707601547241210938e+00
3.589662075042724609e+00
-1.107507824897766113e+00
-3.795599460601806641e+00
-3.134930849075317383e+00
-4.838356018066406250e+00
2.483467340469360352e+00
6.747817993164062500e+00
4.807988643646240234e+00
9.212448120117187500e+00
3.722136735916137695e+00
1.239859461784362793e+00
-6.621465086936950684e-01
-3.638777494430541992e+00
-2.411151647567749023e+00
4.219985008239746094e+00
9.412478804588317871e-01
-4.003057003021240234e+00
-2.880892515182495117e+00
2.469979226589202881e-02
-1.291572093963623047e+00
-7.589579820632934570e-01
1.124186396598815918e+00
-2.765281915664672852e+00
5.229082107543945312e-01
6.947397232055664062e+00
1.668739318847656250e-01
-2.698995769023895264e-01
2.643181085586547852e+00
-2.543654203414916992e+00
1.460543990135192871e+00
4.673050880432128906e+00
2.511362791061401367e+00
1.382080793380737305e+00
-5.355973243713378906e+00
-1.437090277671813965e+00
-9.212973117828369141e-01
-7.896534800529479980e-01
-2.026995420455932617e+00
1.547296404838562012e+00
-2.185456037521362305e+00
-3.936260938644409180e+00
-5.982232838869094849e-02
-4.031035900115966797e+00
-8.637504577636718750e-01
6.791547536849975586e-01
5.124238014221191406e+00
-3.652792215347290039e+00
-2.879301786422729492e+00
1.072749018669128418e+00
1.246840715408325195e+00
2.209180355072021484e+00
5.565620899200439453e+00
1.093695878982543945e+00
-2.643970489501953125e+00
1.199913024902343750e+00
-5.329579830169677734e+00
1.660590648651123047e+00
3.376291751861572266e+00
-1.121536731719970703e+00
-6.083789467811584473e-01
-3.364588022232055664e-01
1.655041217803955078e+00
3.953191995620727539e+00
-2.450781911611557007e-01
1.777692794799804688e+00
3.782498598098754883e+00
-9.404513239860534668e-01
-4.163435459136962891e+00
2.077596783638000488e-01
6.455859184265136719e+00
-7.252624988555908203e+00
-1.048247575759887695e+00
-1.216653823852539062e+00
-7.787175774574279785e-01
3.665677070617675781e+00
8.877965927124023438e+00
-6.797361850738525391e+00
8.273795127868652344e+00
3.675682306289672852e+00
-7.754287719726562500e-01
1.923613429069519043e+00
-3.103793382644653320e+00
-2.608719825744628906e+00
-2.227213382720947266e+00
1.863010168075561523e+00
1.519563943147659302e-01
1.689002215862274170e-01
-6.988228321075439453e+00
-9.614433050155639648e-01
2.889784574508666992e+00
-6.817859172821044922e+00
-4.413816034793853760e-01
-3.175356626510620117e+00
1.938935220241546631e-01
3.533525466918945312e+00
1.135082364082336426e+00
-4.167278110980987549e-01
4.748187541961669922e+00
3.921100139617919922e+00
-2.604271173477172852e+00
-4.025082588195800781e+00
8.977993130683898926e-01
-2.228170871734619141e+00
8.502494096755981445e-01
7.428794384002685547e+00
4.480510234832763672e+00
-1.565900802612304688e+00
-1.939814925193786621e+00
1.010632228851318359e+01
-8.060650229454040527e-01
-3.964685916900634766e+00
-5.376902103424072266e+00
3.088223457336425781e+00
-2.719143629074096680e+00
-4.458072781562805176e-01
1.411433935165405273e+00
-1.174649238586425781e+00
-5.912356853485107422e+00
-2.379904747009277344e+00
-9.960188865661621094e-01
-1.203075945377349854e-01
2.630392611026763916e-01
2.503764152526855469e+00
2.139126062393188477e+00
-3.516053438186645508e+00
-3.009976148605346680e-01
2.741230964660644531e+00
-3.419961929321289062e+00
5.096990466117858887e-01
1.784644365310668945e+00
2.348113805055618286e-01
-8.634320497512817383e-01
4.905937612056732178e-01
-2.043844461441040039e+00
-6.514813899993896484e-01
-2.267787456512451172e+00
2.068092346191406250e+00
-1.605162918567657471e-01
-3.141144990921020508e+00
2.124826908111572266e+00
1.223302721977233887e+00
-2.318834781646728516e+00
1.247946381568908691e+00
3.766570389270782471e-01
2.204107522964477539e+00
-1.552974700927734375e+00
-5.798640251159667969e-01
-1.609711647033691406e+00
-4.734213054180145264e-01
6.262695789337158203e-01
2.268056869506835938e+00
-4.814332008361816406e+00
-3.744714736938476562e+00
-2.105721235275268555e+00
-1.728478431701660156e+00
1.751000404357910156e+00
-1.217669248580932617e+00
7.552103400230407715e-01
1.809496134519577026e-01
2.906756162643432617e+00
-2.351854801177978516e+00
-5.262635707855224609e+00
-1.515888869762420654e-01
4.854625701904296875e+00
-2.252991676330566406e+00
9.377055764198303223e-01
1.436622381210327148e+00
-1.504396915435791016e+00
-3.498299978673458099e-03
-4.999591827392578125e+00
-7.143905162811279297e-01
-2.658704519271850586e+00
-2.905840396881103516e+00
-1.762128829956054688e+00
-5.012392997741699219e+00
-1.812046766281127930e+00
-1.724626541137695312e+00
-6.921253800392150879e-01
-4.248706817626953125e+00
-2.114013910293579102e+00
3.043572425842285156e+00
-2.187809497117996216e-01
7.067391872406005859e-01
3.877575993537902832e-01
-1.065197348594665527e+00
-8.769953846931457520e-01
1.256332874298095703e+00
7.482748031616210938e-01
-4.069460332393646240e-01
-2.640447020530700684e-01
-2.795355618000030518e-01
2.408332586288452148e+00
-3.500488758087158203e+00
-1.739450097084045410e-01
-9.303526282310485840e-01
2.702615022659301758e+00
1.346178054809570312e+00
5.475660800933837891e+00
9.985727071762084961e-01
-1.048726916313171387e+00
-2.146918296813964844e+00
3.732146978378295898e+00
-1.653981208801269531e+00
1.662742972373962402e+00
2.571454048156738281e+00
3.719982862472534180e+00
5.519358158111572266e+00
-3.115194082260131836e+00
-1.220390319824218750e+00
-2.683764696121215820e+00
-2.220842838287353516e+00
-1.375184774398803711e+00
-3.539106369018554688e+00
1.991127878427505493e-01
-2.301032066345214844e+00
3.295764446258544922e+00
3.933731913566589355e-01
3.698314428329467773e+00
2.876915693283081055e+00
-2.599583625793457031e+00
1.284841299057006836e+00
1.119946599006652832e+00
3.456490039825439453e+00
4.416519165039062500e+00
-1.250326395034790039e+00
3.501103162765502930e+00
1.841622233390808105e+00
2.252173900604248047e+00
-4.263333797454833984e+00
5.056395530700683594e+00
9.056048840284347534e-02
-2.056467533111572266e+00
-2.045692205429077148e+00
8.243220448493957520e-01
-2.180597484111785889e-01
-7.524675369262695312e+00
-7.136174440383911133e-01
-5.150132656097412109e+00
7.410046458244323730e-01
-4.077122688293457031e+00
1.523842096328735352e+00
6.009336948394775391e+00
-2.703704357147216797e+00
-1.853969693183898926e+00
-2.504074573516845703e+00
-3.709447860717773438e+00
-2.428631782531738281e+00
-1.080958485603332520e+00
3.394925117492675781e+00
1.356001496315002441e+00
9.517437219619750977e-01
6.188967704772949219e+00
-2.584501802921295166e-01
5.271422863006591797e-01
2.313722133636474609e+00
5.904982566833496094e+00
-5.986464023590087891e-02
-8.938506841659545898e-01
1.173019289970397949e+00
2.102583646774291992e-01
-2.185929298400878906e+00
-3.293651103973388672e+00
-4.077637195587158203e-01
3.645416975021362305e+00
3.761393308639526367e+00
9.829798340797424316e-01
-1.760398149490356445e-01
-7.746744632720947266e+00
1.593897461891174316e+00
1.858506917953491211e+00
2.363914489746093750e+00
-3.804795980453491211e+00
-1.298078745603561401e-01
-3.407337665557861328e+00
-7.961531281471252441e-01
2.971493721008300781e+00
-5.122719764709472656e+00
2.291931152343750000e+00
-1.008020281791687012e+00
2.015150785446166992e+00
1.096481442451477051e+00
7.819702625274658203e-01
1.223107933998107910e+00
-1.953226804733276367e+00
1.733313798904418945e+00
3.739710450172424316e-01
-3.890497684478759766e+00
-1.499307900667190552e-01
-3.283208608627319336e+00
-1.088949799537658691e+00
4.686913013458251953e+00
-2.653806209564208984e+00
3.454815864562988281e+00
5.178785800933837891e+00
3.829323530197143555e+00
4.647549092769622803e-01
-6.088998317718505859e-01
-2.576720476150512695e+00
-2.346985816955566406e+00
-9.220786094665527344e-01
5.557007312774658203e+00
-3.647059440612792969e+00
1.375686287879943848e+00
-1.745459318161010742e+00
-9.973906874656677246e-01
5.154485225677490234e+00
-3.518017053604125977e+00
-4.318657875061035156e+00
-3.740133523941040039e+00
2.281297445297241211e+00
-1.447333455085754395e+00
5.641308147460222244e-03
1.574618935585021973e+00
7.399338722229003906e+00
-3.675793409347534180e+00
1.290252566337585449e+00
5.788044452667236328e+00
1.724913477897644043e+00
1.344419717788696289e+00
5.991730213165283203e+00
1.036221027374267578e+01
3.938903570175170898e+00
2.078730821609497070e+00
1.054095625877380371e+00
1.753919363021850586e+00
5.472781181335449219e+00
-1.272522091865539551e+00
-1.132450342178344727e+00
-1.839661598205566406e-01
-3.696928739547729492e+00
-4.234652996063232422e+00
4.906690418720245361e-01
-1.908733487129211426e+00
-2.600136399269104004e-01
4.062030613422393799e-01
7.274697422981262207e-01
2.307891368865966797e+00
-1.823809146881103516e+00
-2.697551965713500977e+00
-4.679717540740966797e+00
-3.489012479782104492e+00
4.825208187103271484e+00
-9.975663572549819946e-02
-1.929577946662902832e+00
9.912293553352355957e-01
-1.595545887947082520e+00
1.823518872261047363e+00
5.075159668922424316e-01
-8.743321299552917480e-01
2.312986254692077637e-01
3.452839612960815430e+00
3.046443462371826172e+00
2.339069604873657227e+00
5.781765580177307129e-01
-3.880147457122802734e+00
3.519721031188964844e+00
-2.080360412597656250e+00
3.786453962326049805e+00
2.764906644821166992e+00
-1.072600483894348145e+00
3.183069944381713867e+00
1.030572891235351562e+00
1.749268293380737305e+00
1.722535192966461182e-01
7.496139049530029297e+00
-1.472239851951599121e+00
-7.208790183067321777e-01
-5.394655704498291016e+00
-4.794455528259277344e+00
2.705133676528930664e+00
2.265347242355346680e+00
1.897087693214416504e+00
3.969518840312957764e-01
-3.436684846878051758e+00
2.866111993789672852e+00
-2.713826179504394531e+00
-4.405159354209899902e-01
2.141189575195312500e+00
-1.377687573432922363e+00
3.680696725845336914e+00
-8.222997665405273438e+00
3.170788049697875977e+00
-2.185372829437255859e+00
-4.612572193145751953e-01
-3.668117523193359375e+00
9.183537960052490234e-01
9.382949024438858032e-02
-2.806813716888427734e-01
1.079543232917785645e+00
-4.240487098693847656e+00
1.276428222656250000e+00
-1.171039938926696777e+00
7.000284194946289062e-01
-2.714515209197998047e+00
7.889527797698974609e+00
8.899660706520080566e-01
-1.992916464805603027e+00
2.184566736221313477e+00
2.943474769592285156e+00
-6.481633782386779785e-01
4.653376579284667969e+00
-1.430262446403503418e+00
-1.674497961997985840e+00
4.594773769378662109e+00
-2.471087500452995300e-02
1.726601958274841309e+00
-1.833336234092712402e+00
-1.963844299316406250e+00
1.531963348388671875e+00
4.034591674804687500e+00
-5.487945556640625000e+00
-2.148793451488018036e-02
4.108702659606933594e+00
5.390442848205566406e+00
3.129068851470947266e+00
-3.578396320343017578e+00
-4.582527637481689453e+00
6.331165790557861328e+00
-8.070958137512207031e+00
7.200753092765808105e-01
5.996892452239990234e+00
-1.589474201202392578e+00
-8.958632349967956543e-01
1.311412930488586426e+00
2.947216749191284180e+00
-4.105644702911376953e+00
-6.810880184173583984e+00
-3.617539405822753906e+00
-2.110939502716064453e+00
-5.319346189498901367e-01
4.222729682922363281e+00
8.025130629539489746e-01
2.839974164962768555e+00
4.509637832641601562e+00
-2.822380363941192627e-01
-2.856767416000366211e+00
-4.627514362335205078e+00
4.509979248046875000e+00
4.546012282371520996e-01
9.522678852081298828e-01
2.255919575691223145e-01
-2.191877841949462891e+00
6.072432398796081543e-01
1.894173502922058105e+00
-2.276111841201782227e+00
-1.580105900764465332e+00
1.095817446708679199e+00
-4.904994964599609375e+00
-1.009021639823913574e+00
4.092026710510253906e+00
-1.441517114639282227e+00
-1.873237490653991699e+00
2.382416725158691406e+00
-6.239028930664062500e+00
3.744760036468505859e+00
-1.797906875610351562e+00
2.515058994293212891e+00
-4.153334140777587891e+00
-1.607359647750854492e+00
1.650665283203125000e+00
1.861137986183166504e+00
-7.233905196189880371e-01
-4.731280803680419922e+00
3.693247556686401367e+00
4.377749443054199219e+00
-2.070790052413940430e+00
4.621332645416259766e+00
-2.017982959747314453e+00
-3.388487994670867920e-01
4.608562469482421875e+00
2.954531669616699219e+00
-1.329432249069213867e+00
-1.020014095306396484e+01
-6.702575087547302246e-01
5.519023895263671875e+00
1.563248991966247559e+00
1.197669982910156250e+00
-3.676307797431945801e-01
2.431998968124389648e+00
2.872148752212524414e+00
-5.843538045883178711e-01
-5.211237907409667969e+00
-8.965664863586425781e+00
-8.131130598485469818e-03
1.887076377868652344e+00
2.407580614089965820e+00
4.254054725170135498e-01
1.816179037094116211e+00
4.368128299713134766e+00
-2.670320510864257812e+00
-6.595823764801025391e-01
-1.747023820877075195e+00
3.606769084930419922e+00
-7.015268206596374512e-01
3.605190753936767578e+00
4.712616920471191406e+00
9.114472866058349609e-01
2.935661554336547852e+00
4.321718513965606689e-01
-4.968168735504150391e+00
3.996390581130981445e+00
2.583890438079833984e+00
-2.328756093978881836e+00
-7.982744574546813965e-01
6.831045150756835938e+00
1.025872230529785156e+00
-1.500551342964172363e+00
-7.369342327117919922e+00
-4.429724693298339844e+00
2.654195785522460938e+00
3.279043197631835938e+00
-2.254598140716552734e+00
1.291390776634216309e+00
3.254828214645385742e+00
6.638620853424072266e+00
2.259809494018554688e+00
-1.780379176139831543e+00
1.714506626129150391e+00
2.864056825637817383e+00
2.614558935165405273e+00
9.327376633882522583e-02
-1.844287633895874023e+00
-1.208054780960083008e+00
-1.099507734179496765e-01
-1.453522324562072754e+00
6.045758128166198730e-01
3.078132867813110352e+00
-3.583988904953002930e+00
3.018538713455200195e+00
1.469737648963928223e+00
-3.037379980087280273e+00
1.247130990028381348e+00
-1.680095791816711426e-01
1.374895095825195312e+00
-2.550813913345336914e+00
-2.807730436325073242e+00
8.985446929931640625e+00
-2.762440681457519531e+00
5.598379135131835938e+00
-4.868279933929443359e+00
2.940194606781005859e+00
-3.482957601547241211e+00
-1.977734446525573730e+00
7.972646951675415039e-01
2.614964246749877930e+00
6.456311941146850586e-01
7.157130241394042969e+00
-1.231919527053833008e+00
1.111256003379821777e+00
1.439623236656188965e+00
5.807586312294006348e-01
3.694403648376464844e+00
1.559171557426452637e+00
1.214261651039123535e+00
7.720826864242553711e-01
-9.368664741516113281e+00
5.853801369667053223e-01
3.586773633956909180e+00
1.180240273475646973e+00
-4.711927890777587891e+00
-3.829057455062866211e+00
1.846659421920776367e+00
9.609518647193908691e-01
1.393489122390747070e+00
5.716263771057128906e+00
-1.600251942873001099e-01
-4.972218513488769531e+00
-1.726934313774108887e+00
-1.637660264968872070e+00
1.028997540473937988e+00
4.074145793914794922e+00
2.330919981002807617e+00
2.822435617446899414e+00
-2.780847549438476562e+00
1.101275324821472168e+00
-1.896675229072570801e+00
-1.014905571937561035e+00
-4.226818084716796875e-01
2.061914920806884766e+00
6.772094726562500000e+00
1.839930266141891479e-01
1.779118895530700684e+00
-5.873699188232421875e-01
-4.525934696197509766e+00
2.806421995162963867e+00
2.888197422027587891e+00
2.499521493911743164e+00
2.927247285842895508e+00
3.217840433120727539e+00
-9.000801444053649902e-01
2.718849897384643555e+00
-1.861308962106704712e-01
-5.593305110931396484e+00
2.256872892379760742e+00
5.418394207954406738e-01
1.872319340705871582e+00
-3.516561269760131836e+00
-2.823083400726318359e+00
5.043353438377380371e-01
-8.203630447387695312e+00
-2.739640951156616211e+00
6.152616024017333984e+00
-3.707787752151489258e+00
-4.485271930694580078e+00
-5.344834327697753906e+00
4.990731775760650635e-01
8.293691635131835938e+00
4.943557739257812500e+00
1.322589635848999023e+00
7.534415125846862793e-01
2.161832898855209351e-01
2.175798654556274414e+00
1.830641031265258789e+00
1.646407604217529297e+00
-4.596057415008544922e+00
-4.016641616821289062e+00
-1.554373025894165039e+00
-1.699234724044799805e+00
3.940857172012329102e+00
8.182597160339355469e-01
-4.262240886688232422e+00
3.263851642608642578e+00
-1.267945528030395508e+00
-1.552349328994750977e+00
-1.835866689682006836e+00
8.932551145553588867e-01
2.931483745574951172e+00
9.990137219429016113e-01
1.908081918954849243e-01
2.614113569259643555e+00
3.964217424392700195e+00
2.177067041397094727e+00
1.814247012138366699e+00
-4.116891860961914062e+00
6.353585124015808105e-01
1.582316756248474121e+00
-9.156070351600646973e-01
1.100162267684936523e+00
1.956436038017272949e-01
3.500062227249145508e+00
-3.001491785049438477e+00
4.324841022491455078e+00
2.977303564548492432e-01
-1.112400412559509277e+00
-3.320281744003295898e+00
-3.196246147155761719e+00
-4.801045417785644531e+00
-6.530321836471557617e-01
2.092417478561401367e-01
2.369206905364990234e+00
2.455368757247924805e+00
4.138300418853759766e+00
1.994760990142822266e+00
-2.643098115921020508e+00
2.216528892517089844e+00
3.030310153961181641e+00
-5.379001498222351074e-01
-1.110991835594177246e+00
-5.546576380729675293e-01
-3.970349550247192383e+00
-2.802132606506347656e+00
2.338544845581054688e+00
-1.537489533424377441e+00
1.343949675559997559e+00
-2.327849864959716797e+00
1.398493528366088867e+00
2.559622526168823242e+00
3.266777515411376953e+00
7.089114189147949219e-01
2.625221729278564453e+00
-3.881713151931762695e+00
-1.828925609588623047e+00
2.526145696640014648e+00
-3.731997966766357422e+00
1.960874795913696289e+00
8.455814361572265625e+00
6.947058439254760742e-01
-1.788630723953247070e+00
-2.901464700698852539e+00
3.019495964050292969e+00
1.729048043489456177e-01
-6.435878276824951172e-01
2.178931951522827148e+00
9.488512277603149414e-01
-8.213611841201782227e-01
-3.384397327899932861e-01
-1.096902728080749512e+00
-7.471483945846557617e-01
-2.095390081405639648e+00
-3.455878734588623047e+00
-3.548725128173828125e+00
-3.818576574325561523e+00
-3.196820497512817383e+00
-5.822066664695739746e-01
4.623659610748291016e+00
1.322103738784790039e+00
-5.493397712707519531e+00
3.636735975742340088e-01
-6.132309436798095703e-01
6.626154899597167969e+00
-7.530356049537658691e-01
2.827697277069091797e+00
2.686216235160827637e-01
1.634512066841125488e+00
-3.370017290115356445e+00
-4.264242649078369141e+00
5.027024269104003906e+00
1.391215920448303223e+00
3.588131427764892578e+00
-6.002809405326843262e-01
-1.672633171081542969e+00
5.180193424224853516e+00
-1.246946096420288086e+00
3.718171119689941406e+00
1.372530579566955566e+00
7.020962834358215332e-01
1.718760609626770020e+00
-2.733656406402587891e+00
3.407904386520385742e+00
1.622063040733337402e+00
3.744711637496948242e+00
-5.666444301605224609e-01
-4.214057922363281250e+00
3.959836006164550781e+00
5.942955493927001953e+00
1.104803204536437988e+00
-2.205128192901611328e+00
-4.213444709777832031e+00
-5.172866344451904297e+00
3.341085195541381836e+00
2.046522617340087891e+00
4.284143447875976562e+00
6.691576480865478516e+00
-1.301961183547973633e+00
3.048557043075561523e+00
-3.178571701049804688e+00
5.431617259979248047e+00
2.868133544921875000e+00
-6.842877864837646484e-01
-1.402642846107482910e+00
-3.606756687164306641e+00
5.065027236938476562e+00
-3.885908126831054688e+00
2.555753946304321289e+00
-4.591596126556396484e-01
-2.844045162200927734e+00
3.031269550323486328e+00
1.413704514503479004e+00
-1.148125886917114258e+00
-2.061049222946166992e+00
3.902777433395385742e+00
-3.922421693801879883e+00
-2.150292634963989258e+00
1.626016616821289062e+00
4.043396949768066406e+00
-6.705237627029418945e-01
-1.122275352478027344e+00
3.186466097831726074e-01
-8.139907121658325195e-01
2.395453214645385742e+00
1.879914522171020508e+00
-4.318399429321289062e+00
-3.503507614135742188e+00
-4.626972675323486328e+00
3.473427295684814453e+00
5.055159926414489746e-01
1.624622106552124023e+00
8.230223059654235840e-01
-6.069877624511718750e+00
3.843783855438232422e+00
2.224728584289550781e+00
2.661583423614501953e-01
-6.606441140174865723e-01
8.588116765022277832e-01
4.029981791973114014e-01
2.724348306655883789e+00
2.379759788513183594e+00
5.887453079223632812e+00
1.034812256693840027e-01
2.193295240402221680e+00
-5.170808792114257812e+00
-9.682640433311462402e-01
1.926997423171997070e+00
1.922880113124847412e-01
-7.389166831970214844e+00
3.119447708129882812e+00
-2.367673397064208984e+00
2.035954952239990234e+00
4.455063343048095703e+00
6.070207953453063965e-01
-2.719744205474853516e+00
9.128357172012329102e-01
-1.326230525970458984e+00
-1.349192142486572266e+00
3.964512825012207031e+00
-5.924292802810668945e-01
-2.374294996261596680e+00
1.690325498580932617e+00
1.527608156204223633e+00
8.203156471252441406e+00
-1.482680678367614746e+00
2.052131652832031250e+00
-2.940801143646240234e+00
-3.166744709014892578e+00
-1.023922085762023926e+00
1.062361478805541992e+00
-1.597020030021667480e-02
1.513029217720031738e+00
-5.838299751281738281e+00
4.466738700866699219e+00
5.789735317230224609e-01
2.206810563802719116e-01
-1.559738993644714355e+00
-2.327872991561889648e+00
-2.126367092132568359e+00
-1.784743070602416992e+00
5.258727550506591797e+00
7.464988231658935547e-01
1.627669095993041992e+00
-1.525009632110595703e+00
-1.666312694549560547e+00
-5.264316201210021973e-01
3.351190567016601562e+00
3.438655614852905273e+00
2.626992225646972656e+00
5.466430187225341797e+00
1.966840624809265137e+00
3.896558582782745361e-01
-1.274979948997497559e+00
2.877508401870727539e+00
2.238697558641433716e-01
1.100898906588554382e-01
-2.074387371540069580e-01
-2.197835594415664673e-01
4.962912082672119141e+00
-3.317761793732643127e-02
-1.384908437728881836e+00
-4.967918395996093750e-01
-4.080746173858642578e+00
-1.719408988952636719e+00
-2.626286983489990234e+00
-1.528557419776916504e+00
-2.294826269149780273e+00
1.195031881332397461e+00
-3.078708410263061523e+00
8.851348161697387695e-01
-3.753101825714111328e+00
-1.920696020126342773e+00
-7.695731520652770996e-02
3.866868734359741211e+00
-1.232029557228088379e+00
9.975458979606628418e-01
5.321478843688964844e+00
-6.608328968286514282e-02
2.233765125274658203e+00
-3.580388069152832031e+00
2.027661085128784180e+00
8.933895230293273926e-01
-7.034354805946350098e-01
4.400379061698913574e-01
-1.009467244148254395e+00
3.901531934738159180e+00
-2.250392675399780273e+00
7.911428809165954590e-01
5.704442977905273438e+00
3.463071584701538086e+00
4.654830992221832275e-01
-2.146306037902832031e+00
1.363268256187438965e+00
3.275981545448303223e-01
1.553237915039062500e+00
-1.193395018577575684e+00
-4.192166328430175781e+00
-2.299297332763671875e+00
-3.678355455398559570e+00
-6.781412124633789062e+00
2.831078529357910156e+00
-1.169068574905395508e+00
-6.997184276580810547e+00
-6.796075820922851562e+00
2.300326347351074219e+00
1.080799818038940430e+00
-1.954542994499206543e+00
-4.830974578857421875e+00
-6.773687154054641724e-02
-2.804771661758422852e-01
3.191202640533447266e+00
-3.545553207397460938e+00
8.596066236495971680e-01
4.046667814254760742e-01
6.235451698303222656e+00
3.849592924118041992e+00
-3.363077402114868164e+00
3.914133310317993164e+00
-1.873784422874450684e+00
4.518750190734863281e+00
5.023348927497863770e-01
-2.405482769012451172e+00
-2.013328075408935547e+00
-1.005453109741210938e+00
-1.508087962865829468e-01
-1.445883214473724365e-01
1.486843466758728027e+00
-2.532539367675781250e+00
3.267245292663574219e-01
7.930339574813842773e-01
6.339983940124511719e+00
3.579920530319213867e+00
-2.294055461883544922e+00
5.370778441429138184e-01
6.220700740814208984e+00
-2.153042078018188477e+00
6.618176698684692383e-01
-2.604372501373291016e+00
4.302929878234863281e+00
6.225506216287612915e-02
3.680351495742797852e+00
1.302127957344055176e+00
7.284780144691467285e-01
4.221137523651123047e+00
2.622819900512695312e+00
-1.483065366744995117e+00
-6.392393708229064941e-01
-7.503876686096191406e-01
-1.585480093955993652e+00
8.405776023864746094e-01
3.589200258255004883e+00
-2.969188213348388672e+00
9.428445100784301758e-01
3.584527015686035156e+00
-3.600391745567321777e-02
8.982278704643249512e-01
4.384465694427490234e+00
2.998238563537597656e+00
-7.008257508277893066e-01
-1.253839731216430664e-01
-1.941107749938964844e+00
-2.079759687185287476e-01
1.333549141883850098e+00
-3.103718996047973633e+00
6.415143609046936035e-01
8.429209142923355103e-02
-4.995205998420715332e-01
-1.961712390184402466e-01
-8.781741261482238770e-01
-4.583328247070312500e+00
-2.625418663024902344e+00
4.935392856597900391e+00
2.690118074417114258e+00
-1.070479273796081543e+00
-4.551789283752441406e+00
-1.085556626319885254e+00
-2.820945501327514648e+00
-2.488019466400146484e+00
-1.494409084320068359e+00
-3.220886707305908203e+00
6.156097888946533203e+00
7.079337239265441895e-01
-3.798995912075042725e-02
2.384657144546508789e+00
-3.726205348968505859e+00
-3.512555360794067383e+00
-7.420618057250976562e+00
2.351217746734619141e+00
-4.273005485534667969e+00
-3.071908950805664062e+00
4.194337725639343262e-01
-3.655178308486938477e+00
2.920261621475219727e+00
-1.766422629356384277e+00
-1.555195331573486328e+00
-2.780040979385375977e+00
1.118738532066345215e+00
-3.255076646804809570e+00
5.609443187713623047e-01
-3.311391472816467285e-01
-7.794680595397949219e-01
1.206869818270206451e-02
3.833222985267639160e-01
5.371180057525634766e+00
-1.631377935409545898e+00
-2.261189222335815430e+00
-8.224554061889648438e-01
-5.906890630722045898e-01
3.105354309082031250e+00
-6.638142108917236328e+00
-2.418430566787719727e+00
-4.356719851493835449e-01
3.799540758132934570e+00
8.524660468101501465e-01
-1.852955222129821777e+00
-3.628046214580535889e-01
4.875341355800628662e-01
-8.826128840446472168e-01
-2.019403457641601562e+00
6.781113743782043457e-01
-4.859760284423828125e+00
-6.284321546554565430e-01
-1.813067197799682617e+00
-1.888943791389465332e+00
5.272222518920898438e+00
2.312249690294265747e-01
-2.687591791152954102e+00
2.793216705322265625e-01
3.652053833007812500e+00
-7.203078269958496094e+00
1.224092483520507812e+00
-3.731551647186279297e+00
