5.484468460083007812e+00
-4.385063648223876953e+00
-1.012959599494934082e+00
1.035084843635559082e+00
-6.654399633407592773e-01
8.907670974731445312e+00
-7.041121482849121094e+00
-2.267767190933227539e-01
-3.409537553787231445e+00
-1.279741883277893066e+00
-5.805642604827880859e+00
5.952752113342285156e+00
2.551701851189136505e-02
-9.152590036392211914e-01
-3.074049711227416992e+00
9.511493682861328125e+00
-1.233708858489990234e+00
6.118230819702148438e+00
-3.952167034149169922e+00
-2.971953630447387695e+00
1.996744155883789062e+00
-1.866152435541152954e-01
-2.650674819946289062e+00
7.766560554504394531e+00
5.024590492248535156e+00
6.230792045593261719e+00
2.114539861679077148e+00
-2.421117782592773438e+00
-4.767529964447021484e+00
-4.596988677978515625e+00
2.275592237710952759e-01
6.089386940002441406e+00
-8.959910273551940918e-01
-4.185206413269042969e+00
1.167267039418220520e-01
-1.480084061622619629e+00
1.544644474983215332e+00
1.166391372680664062e+00
-2.359696388244628906e+00
-2.674711644649505615e-01
1.709360241889953613e+00
2.999900579452514648e+00
1.746164202690124512e+00
1.764479279518127441e+00
-9.189376831054687500e-01
2.233560800552368164e+00
4.010828971862792969e+00
2.108113765716552734e+00
-3.582831382751464844e+00
-1.755187153816223145e+00
-2.553245544433593750e+00
-1.074939966201782227e+00
4.132575988769531250e-01
-1.516188859939575195e+00
1.143839120864868164e+00
9.624685049057006836e-01
-2.269396066665649414e+00
-2.197876214981079102e+00
-1.703467369079589844e+00
2.050011396408081055e+00
2.101624488830566406e+00
6.820875406265258789e-02
-2.036708354949951172e+00
1.649117350578308105e+00
1.331668972969055176e+00
4.484649300575256348e-01
4.659361362457275391e+00
-4.324883222579956055e-02
-4.484431147575378418e-01
-1.977775573730468750e+00
1.914764642715454102e+00
-6.227185726165771484e+00
-9.107189178466796875e-01
-4.423276424407958984e+00
3.845564126968383789e-01
-2.411363124847412109e+00
-1.385439038276672363e+00
3.647134304046630859e+00
3.311842679977416992e+00
-2.006167650222778320e+00
-3.633841872215270996e-02
2.596838712692260742e+00
2.203921228647232056e-01
-1.789942741394042969e+00
-4.845799446105957031e+00
5.000399589538574219e+00
-4.047170639038085938e+00
-1.907482028007507324e+00
-3.227996528148651123e-01
1.671965241432189941e+00
3.314922094345092773e+00
3.942286252975463867e+00
-4.856870651245117188e+00
1.415234208106994629e+00
7.564370155334472656e+00
-1.266686439514160156e+00
-1.180528998374938965e+00
-4.081136226654052734e+00
-2.232834398746490479e-01
-1.638870358467102051e+00
-1.977271676063537598e+00
-2.560283184051513672e+00
-5.812801122665405273e-01
-2.634120464324951172e+00
-8.974645733833312988e-01
3.740017890930175781e+00
-4.815891742706298828e+00
6.204041242599487305e-01
-3.224756002426147461e+00
-7.765118479728698730e-01
8.533148765563964844e-01
3.706767320632934570e+00
-1.146508097648620605e+00
-6.287706494331359863e-01
-1.266986250877380371e+00
1.513524502515792847e-01
1.138919234275817871e+00
-2.423627853393554688e+00
-4.689882278442382812e+00
9.205952286720275879e-01
3.761176586151123047e+00
3.859436750411987305e+00
-1.275920748710632324e+00
-7.144398093223571777e-01
7.532283306121826172e+00
-9.236087799072265625e-01
-4.068331241607666016e+00
-2.544863462448120117e+00
-1.168185845017433167e-01
-2.881767511367797852e+00
-1.020599082112312317e-01
-1.729029178619384766e+00
-1.349547028541564941e+00
-1.815116882324218750e+00
9.851434230804443359e-01
-1.233158111572265625e+00
1.935732841491699219e+00
-2.877367496490478516e+00
2.830346107482910156e+00
1.902667880058288574e-01
-3.948471069335937500e+00
-4.920519590377807617e-01
1.839825868606567383e+00
-2.820636272430419922e+00
-7.822964787483215332e-01
-1.089277118444442749e-01
-2.260048836469650269e-01
1.236386895179748535e-01
-6.628323793411254883e-01
-1.331128031015396118e-01
3.461180210113525391e+00
-3.027926921844482422e+00
-7.073991894721984863e-01
-3.156215667724609375e+00
-4.097900867462158203e+00
5.984420299530029297e+00
-5.255745053291320801e-01
8.507838845252990723e-01
-1.668709069490432739e-01
1.501963257789611816e+00
2.700659513473510742e+00
-4.346779823303222656e+00
1.902052640914916992e+00
3.923714458942413330e-01
-1.296643614768981934e+00
1.515932679176330566e+00
1.616427540779113770e+00
-6.109253883361816406e+00
3.213405370712280273e+00
-1.784223556518554688e+00
-1.099749132990837097e-01
1.715436577796936035e+00
-3.326096296310424805e+00
1.415047049522399902e+00
5.716896057128906250e-01
7.326135635375976562e-01
-5.359587192535400391e+00
-3.334635734558105469e+00
-2.953900575637817383e+00
-1.914878845214843750e+00
6.374490261077880859e-01
5.350012332201004028e-02
-1.242169857025146484e+00
1.388007640838623047e+00
-1.702563524246215820e+00
-1.883238196372985840e+00
1.001653552055358887e+00
-3.612338066101074219e+00
-3.470596313476562500e+00
-1.508977532386779785e+00
-5.231120586395263672e-01
-7.095205783843994141e+00
-3.307327255606651306e-02
-2.501220226287841797e+00
-3.097702741622924805e+00
-4.421263217926025391e+00
1.862967729568481445e+00
-1.421871542930603027e+00
-5.274839401245117188e-01
-2.702607214450836182e-01
-8.848850250244140625e+00
-5.640810966491699219e+00
3.025715112686157227e+00
1.416738748550415039e+00
-4.386146068572998047e+00
-1.196140527725219727e+00
8.938358426094055176e-01
4.011718273162841797e+00
-4.118694782257080078e+00
-5.008283138275146484e+00
-5.300724506378173828e-01
3.894349575042724609e+00
2.824690103530883789e+00
4.849707126617431641e+00
-8.216803669929504395e-01
-3.301991462707519531e+00
-3.125376224517822266e+00
-8.307155370712280273e-01
3.363491892814636230e-01
1.743350505828857422e+00
3.626212120056152344e+00
4.055322647094726562e+00
3.471789836883544922e+00
-2.126019597053527832e-01
-2.298308134078979492e+00
-3.718229234218597412e-01
1.114789605140686035e+00
-4.670856297016143799e-01
-3.687566280364990234e+00
-6.460059434175491333e-02
-2.546720981597900391e+00
1.160351634025573730e+00
4.071255683898925781e+00
1.596672296524047852e+00
-5.017903447151184082e-01
-8.700368404388427734e-01
1.972846627235412598e+00
-1.272887825965881348e+00
-9.555869102478027344e-01
1.726426124572753906e+00
-1.176918864250183105e+00
8.358952999114990234e-01
1.669638514518737793e+00
2.941851854324340820e+00
-1.213317036628723145e+00
3.851904392242431641e+00
4.291385114192962646e-01
1.418212532997131348e+00
-1.223729610443115234e+00
8.924768567085266113e-01
9.082838892936706543e-01
-5.448527336120605469e+00
2.944444894790649414e+00
-4.954206466674804688e+00
3.401534080505371094e+00
-1.436148762702941895e+00
-2.264379978179931641e+00
5.134601593017578125e+00
-2.436628341674804688e+00
-1.408692479133605957e+00
6.086866855621337891e-01
-2.925907373428344727e+00
-3.147643566131591797e+00
-3.792942315340042114e-02
-1.923962116241455078e+00
1.050579786300659180e+00
-1.532459974288940430e+00
8.252651214599609375e+00
-2.982678174972534180e+00
-1.594045639038085938e+00
5.697619915008544922e+00
2.083949089050292969e+00
1.349896192550659180e+00
1.906761765480041504e+00
1.663023710250854492e+00
-1.322063922882080078e+00
3.948266804218292236e-01
-2.027307987213134766e+00
-2.134165048599243164e+00
2.401401519775390625e+00
2.341647863388061523e+00
1.816173911094665527e+00
-6.244307041168212891e+00
-4.922060489654541016e+00
2.792066574096679688e+00
3.057683706283569336e+00
3.202471017837524414e+00
2.647337615489959717e-01
-4.256209373474121094e+00
3.503111362457275391e+00
-2.499383449554443359e+00
-3.196494817733764648e+00
-6.534481644630432129e-01
8.296683430671691895e-01
-8.507289737462997437e-02
-3.392016172409057617e+00
-4.928265571594238281e+00
4.645905494689941406e+00
-1.703261256217956543e+00
-1.785448908805847168e+00
3.749685764312744141e+00
-1.225847482681274414e+00
5.556130409240722656e-01
-3.164005875587463379e-01
-1.810442686080932617e+00
1.708873033523559570e+00
8.388719707727432251e-02
-3.160472631454467773e+00
1.632939130067825317e-01
-2.474069595336914062e-01
4.237340927124023438e+00
2.796991109848022461e+00
-1.446122378110885620e-01
8.793575167655944824e-01
1.609438300132751465e+00
1.247616291046142578e+00
2.035160303115844727e+00
-1.017232060432434082e+00
3.706541061401367188e+00
-1.977110743522644043e+00
1.563781380653381348e+00
3.210094690322875977e+00
-4.810241699218750000e+00
-4.723687648773193359e+00
-2.182006120681762695e+00
-2.850759923458099365e-01
1.555447220802307129e+00
-1.988609790802001953e+00
6.142786979675292969e+00
4.637832641601562500e+00
-5.623765468597412109e+00
1.786328673362731934e+00
5.031499385833740234e+00
1.918908357620239258e+00
1.004885792732238770e+00
4.738995552062988281e+00
7.317197799682617188e+00
1.811424255371093750e+00
3.340811491012573242e+00
1.810075044631958008e+00
3.720140457153320312e+00
2.763120651245117188e+00
-3.882719516754150391e+00
-4.752136468887329102e-01
-6.708345890045166016e+00
1.420970678329467773e+00
-6.125534057617187500e+00
3.262266516685485840e-01
-3.913430452346801758e+00
1.471704840660095215e+00
-5.850696563720703125e+00
-5.595532655715942383e-01
-1.154998183250427246e+00
1.935021758079528809e+00
-4.049819946289062500e+00
-3.815188407897949219e+00
3.232550859451293945e+00
-5.749791860580444336e-01
-6.110159754753112793e-01
6.046382188796997070e-01
-8.441562056541442871e-01
-3.959108352661132812e+00
3.127283573150634766e+00
-1.346605896949768066e+00
-4.657810211181640625e+00
1.972141146659851074e+00
-1.381822943687438965e+00
2.266182661056518555e+00
2.338298082351684570e+00
2.478409558534622192e-01
-2.016210794448852539e+00
5.276179790496826172e+00
9.488718211650848389e-02
-1.419901728630065918e+00
5.926991939544677734e+00
1.294263482093811035e+00
1.973344206809997559e+00
1.804769039154052734e+00
6.285759806632995605e-01
-2.197513103485107422e+00
5.298685073852539062e+00
8.676947653293609619e-02
-9.477853775024414062e-01
7.128585129976272583e-02
-3.924021720886230469e+00
-3.965440750122070312e+00
1.230291604995727539e+00
2.955719470977783203e+00
1.032549262046813965e+00
-1.304352283477783203e+00
3.122283697128295898e+00
-5.899036884307861328e+00
9.140760302543640137e-01
-7.795823812484741211e-01
-1.150619506835937500e+00
5.199665546417236328e+00
-8.210083961486816406e+00
5.458715558052062988e-01
1.022955179214477539e+00
7.686009407043457031e-01
-3.742518901824951172e+00
-2.716368198394775391e+00
-3.017830371856689453e+00
2.485790967941284180e+00
2.187940031290054321e-01
-1.861906886100769043e+00
2.292604446411132812e+00
-1.560703992843627930e+00
-1.946021169424057007e-01
-4.286815643310546875e+00
6.797118663787841797e+00
5.731846809387207031e+00
-8.542428612709045410e-01
2.009325981140136719e+00
-3.402545690536499023e+00
-6.758472323417663574e-02
5.870280265808105469e+00
-2.556868314743041992e+00
-1.210856914520263672e+00
2.747672080993652344e+00
-6.070840954780578613e-01
3.293959617614746094e+00
-4.901291847229003906e+00
-8.419003486633300781e+00
5.293269753456115723e-01
2.307071924209594727e+00
-4.044898033142089844e+00
-2.626788616180419922e+00
9.358681440353393555e-01
3.993352413177490234e+00
4.417032301425933838e-01
-5.257539272308349609e+00
-1.074383139610290527e+00
5.885029315948486328e+00
-3.491385459899902344e+00
7.844978570938110352e-01
4.055649280548095703e+00
-1.334819436073303223e+00
-8.448655009269714355e-01
1.924649238586425781e+00
2.100972890853881836e+00
1.806040048599243164e+00
-1.150474548339843750e+00
-1.409024715423583984e+00
2.121159076690673828e+00
1.290533661842346191e+00
1.007036343216896057e-01
-1.735978841781616211e+00
-7.212393283843994141e-01
1.122168079018592834e-01
3.041984558105468750e+00
-2.963921427726745605e-01
1.392407298088073730e+00
-8.717963099479675293e-01
5.058749914169311523e-01
-1.825158953666687012e+00
-1.793013691902160645e+00
-1.863515377044677734e+00
6.062900424003601074e-01
1.428385615348815918e+00
-3.275721788406372070e+00
-7.240099906921386719e-01
-2.781763672828674316e-01
-1.381525397300720215e+00
-6.940608024597167969e-01
5.614531993865966797e+00
-8.415056467056274414e-01
-3.159338235855102539e+00
-2.715562105178833008e+00
-1.923624038696289062e+00
-2.662217855453491211e+00
-3.925940513610839844e+00
1.968839526176452637e+00
-7.677114486694335938e+00
1.623258829116821289e+00
3.598268508911132812e+00
-3.509078264236450195e+00
-5.065687298774719238e-01
-3.592600822448730469e+00
1.071606874465942383e+00
-1.026214361190795898e+00
-6.326714038848876953e+00
3.242261648178100586e+00
-2.535330772399902344e+00
-7.441140413284301758e-01
4.921828746795654297e+00
1.001759171485900879e+00
-1.968544244766235352e+00
-5.566893100738525391e+00
3.954765558242797852e+00
4.097304344177246094e+00
3.483002901077270508e+00
-1.008277535438537598e+00
-2.465248852968215942e-01
-2.258608341217041016e+00
2.639266729354858398e+00
-6.604913473129272461e-01
-4.633561611175537109e+00
-5.661731243133544922e+00
-4.061645984649658203e+00
2.537218332290649414e-01
2.786690235137939453e+00
1.195577830076217651e-01
6.631206274032592773e-01
3.465702384710311890e-02
-4.898211956024169922e+00
1.759813904762268066e+00
1.282722055912017822e-01
9.261527061462402344e-01
3.039330959320068359e+00
-3.082331180572509766e+00
-1.407795786857604980e+00
4.777928888797760010e-01
4.206996440887451172e+00
1.168845653533935547e+00
-2.966486692428588867e+00
3.095865488052368164e+00
-2.611888647079467773e-01
-9.902083277702331543e-01
-1.918081641197204590e+00
4.739168167114257812e+00
-1.899168342351913452e-01
-7.243192195892333984e-01
-2.207132339477539062e+00
-7.630220890045166016e+00
2.120641946792602539e+00
-1.751100897789001465e+00
-4.882051944732666016e+00
-3.381337165832519531e+00
3.306057453155517578e+00
3.263701438903808594e+00
5.479043006896972656e+00
-4.915213286876678467e-01
5.720039010047912598e-01
1.952334523200988770e+00
1.374153256416320801e+00
3.795679569244384766e+00
-2.717347860336303711e+00
1.685571908950805664e+00
-1.039274334907531738e+00
2.057653427124023438e+00
-4.807128310203552246e-01
6.006317734718322754e-01
-3.453651189804077148e+00
2.387859582901000977e+00
1.425529599189758301e+00
-3.110685348510742188e+00
5.483755588531494141e+00
-5.446184873580932617e-01
-9.413422346115112305e-01
1.714509129524230957e-01
-7.558373212814331055e-01
7.533653736114501953e+00
-1.377483129501342773e+00
4.076124668121337891e+00
-1.081164956092834473e+00
7.579794526100158691e-01
-1.356320142745971680e+00
1.705303043127059937e-01
-4.689913272857666016e+00
1.594319701194763184e+00
3.375516459345817566e-02
-4.546561539173126221e-01
-2.652848958969116211e+00
-3.713437616825103760e-01
1.326268196105957031e+00
-8.789414167404174805e-01
2.702535152435302734e+00
2.117008924484252930e+00
-4.746546745300292969e-01
3.807379484176635742e+00
-2.175635576248168945e+00
-2.503264427185058594e+00
2.029471695423126221e-01
3.026524066925048828e+00
-5.309365749359130859e+00
-2.121548414230346680e+00
2.128564834594726562e+00
-3.965838432312011719e+00
-2.273319959640502930e+00
4.046053886413574219e+00
2.147053718566894531e+00
-2.368480920791625977e+00
-8.640658110380172729e-02
-7.342193275690078735e-02
2.620162963867187500e+00
4.795691967010498047e+00
5.463690280914306641e+00
-1.559589266777038574e+00
2.468035697937011719e+00
1.013363599777221680e+00
-2.770853519439697266e+00
2.925175189971923828e+00
-4.085761606693267822e-01
3.573904752731323242e+00
2.651483297348022461e+00
-1.187267422676086426e+00
1.311512738466262817e-01
1.643103718757629395e+00
4.167298674583435059e-01
9.049390256404876709e-02
3.284586429595947266e+00
6.308954715728759766e+00
2.564264535903930664e+00
2.152235984802246094e+00
1.974901556968688965e+00
-3.219529151916503906e+00
-1.141695022583007812e+00
-3.926448106765747070e+00
3.167298793792724609e+00
-9.120483994483947754e-01
6.407096982002258301e-01
-1.441232800483703613e+00
-1.882750838994979858e-01
3.694210529327392578e+00
-7.866268634796142578e+00
-3.913510322570800781e+00
2.558104753494262695e+00
1.488888621330261230e+00
-2.177654266357421875e+00
-2.207029819488525391e+00
1.812274456024169922e-01
-7.802648842334747314e-02
5.267702579498291016e+00
-4.698045730590820312e+00
2.761443614959716797e+00
-1.328230261802673340e+00
-5.170065164566040039e-01
3.044029474258422852e+00
1.741245508193969727e+00
-1.872782230377197266e+00
-5.743275284767150879e-01
-3.670595884323120117e+00
1.222835183143615723e+00
2.378175735473632812e+00
-7.463932037353515625e-01
-3.898900032043457031e+00
2.616548538208007812e-01
2.455611467361450195e+00
-4.365787506103515625e-01
4.982097074389457703e-02
-3.103507995605468750e+00
-1.391515731811523438e-01
5.486270189285278320e-01
-1.505330085754394531e+00
1.884408891201019287e-01
2.682121276855468750e+00
3.218004941940307617e+00
1.134364604949951172e+00
-3.865931987762451172e+00
2.934353590011596680e+00
-4.022772237658500671e-02
-2.199862241744995117e+00
7.049382328987121582e-01
-1.156229972839355469e+00
1.283144235610961914e+00
-2.037156969308853149e-01
2.391494035720825195e+00
6.182017326354980469e+00
-4.454215049743652344e+00
-3.978251814842224121e-01
-7.247817516326904297e+00
-3.192593753337860107e-01
2.439011782407760620e-01
1.616109371185302734e+00
-9.384540319442749023e-01
2.625510454177856445e+00
9.989418983459472656e-01
2.314819574356079102e+00
-4.601720809936523438e+00
-5.495865345001220703e-01
-8.795370459556579590e-01
-4.216263294219970703e+00
2.163638591766357422e+00
3.029313325881958008e+00
-4.886066615581512451e-01
-2.786618947982788086e+00
3.424998521804809570e+00
-2.170021533966064453e+00
1.418515592813491821e-01
-7.634947896003723145e-01
-5.344470739364624023e-01
9.450608491897583008e-01
-1.886836528778076172e+00
8.318141698837280273e-01
2.226047754287719727e+00
-1.226306557655334473e+00
-1.525787115097045898e+00
1.595705509185791016e+00
-2.149931669235229492e+00
-2.882842063903808594e+00
2.387832164764404297e+00
4.874978959560394287e-01
-4.316082954406738281e+00
1.327534794807434082e+00
-9.085913300514221191e-01
7.354223728179931641e-01
2.092263936996459961e+00
-2.634131431579589844e+00
1.580444097518920898e+00
-2.488942861557006836e+00
1.946884542703628540e-01
-3.726532459259033203e+00
5.998371243476867676e-01
-2.658606290817260742e+00
-8.996229618787765503e-02
-5.865797519683837891e+00
-3.102980613708496094e+00
-6.770662069320678711e-01
1.727527141571044922e+00
1.679708003997802734e+00
8.373035192489624023e-01
-3.653592586517333984e+00
5.255761146545410156e+00
-1.039015769958496094e+00
2.204998493194580078e+00
-3.611473798751831055e+00
1.684902787208557129e+00
-2.868014097213745117e+00
-2.447544574737548828e+00
-1.029116034507751465e+00
-3.030724264681339264e-02
7.220650672912597656e+00
3.969539642333984375e+00
-1.941554665565490723e+00
2.557508349418640137e-01
7.596569657325744629e-01
2.884587764739990234e+00
2.477130740880966187e-01
5.129156112670898438e-01
1.931597590446472168e+00
-1.536069512367248535e+00
3.224826097488403320e+00
-4.350834369659423828e+00
1.263053715229034424e-01
2.405700445175170898e+00
6.363618373870849609e+00
-1.165084958076477051e+00
-2.061435461044311523e+00
1.602945208549499512e+00
2.734184265136718750e+00
1.986925363540649414e+00
-1.801680326461791992e+00
-3.663428544998168945e+00
-3.688331604003906250e+00
9.427819252014160156e-01
-3.143816471099853516e+00
3.233882904052734375e+00
-1.033569812774658203e+00
6.862493753433227539e-01
4.558715343475341797e+00
-4.062525749206542969e+00
1.963897824287414551e+00
-2.734654426574707031e+00
-2.804431915283203125e+00
-2.926185429096221924e-01
-3.102199316024780273e+00
4.708592414855957031e+00
-2.236496210098266602e+00
-1.533755809068679810e-01
-2.459358692169189453e+00
-5.393013000488281250e+00
-3.636279106140136719e-01
2.624436855316162109e+00
-2.099500179290771484e+00
-1.697132587432861328e+00
8.339493274688720703e-01
-2.227377653121948242e+00
3.214649558067321777e-01
2.553200721740722656e+00
2.918043375015258789e+00
1.771602869033813477e+00
-3.506158351898193359e+00
-8.758693933486938477e-01
1.940754771232604980e+00
-1.868750452995300293e+00
2.170404911041259766e+00
-1.121849566698074341e-01
-3.614599227905273438e+00
-3.129569768905639648e+00
2.698755025863647461e+00
6.669059395790100098e-01
9.133930206298828125e-01
1.092828035354614258e+00
-5.062708377838134766e+00
3.622468948364257812e+00
5.485350608825683594e+00
-5.650703907012939453e-01
-3.530481457710266113e-01
6.622585773468017578e+00
4.846317172050476074e-01
3.455774545669555664e+00
3.779476165771484375e+00
4.257853507995605469e+00
-1.257789433002471924e-01
2.607922077178955078e+00
-2.332427263259887695e+00
2.237395048141479492e-01
-4.206604957580566406e+00
-9.769482016563415527e-01
-4.180236816406250000e+00
5.870061367750167847e-02
-1.422473430633544922e+00
-2.010052680969238281e+00
1.533900380134582520e+00
-7.227112054824829102e-01
1.086601257324218750e+00
4.560597896575927734e+00
-2.306178808212280273e+00
-1.386248350143432617e+00
4.133734226226806641e+00
6.162555813789367676e-01
-1.141869187355041504e+00
2.266213178634643555e+00
-3.728169575333595276e-02
2.439983129501342773e+00
-7.066701889038085938e+00
2.840374469757080078e+00
-2.346635580062866211e+00
-2.138956487178802490e-01
1.752885818481445312e+00
1.110059738159179688e+00
-2.007096290588378906e+00
-1.394029736518859863e+00
-4.675471484661102295e-01
1.979674100875854492e+00
-5.332932472229003906e+00
-4.101233959197998047e+00
-4.101532697677612305e-01
1.388472795486450195e+00
3.586272716522216797e+00
1.514317393302917480e+00
2.366532564163208008e+00
-8.437054753303527832e-01
6.726638078689575195e-01
-1.087514042854309082e+00
-9.490040540695190430e-01
8.031981587409973145e-01
1.567372441291809082e+00
7.020863533020019531e+00
2.796631813049316406e+00
-1.249305844306945801e+00
1.407848477363586426e+00
6.983215808868408203e-01
1.268117427825927734e+00
4.759148120880126953e+00
3.630414485931396484e+00
-1.972261428833007812e+00
1.005984783172607422e+00
-1.308384984731674194e-01
1.741302728652954102e+00
1.409315943717956543e+00
-4.391963958740234375e+00
-1.486356377601623535e+00
-4.950536251068115234e+00
-6.773640960454940796e-02
-1.690470814704895020e+00
2.984539031982421875e+00
-5.665084838867187500e+00
-1.606315255165100098e+00
-3.616124153137207031e+00
-2.866409301757812500e+00
-6.582817554473876953e+00
-4.306220710277557373e-01
-3.479920864105224609e+00
-1.158135414123535156e+00
-9.718573093414306641e-01
3.073005676269531250e+00
-1.681428551673889160e-01
-3.488259792327880859e+00
2.800020456314086914e+00
-3.702401876449584961e+00
2.206557512283325195e+00
1.657685637474060059e+00
-4.003203392028808594e+00
1.744136214256286621e-01
1.015194296836853027e+00
8.129278421401977539e-01
3.690971374511718750e+00
2.755501031875610352e+00
9.128347039222717285e-02
2.084365844726562500e+00
3.339648008346557617e+00
-2.836999416351318359e+00
1.253690361976623535e+00
-1.718101024627685547e+00
9.832249283790588379e-01
-7.974649667739868164e-01
-2.757769346237182617e+00
-2.273559808731079102e+00
-2.023681402206420898e+00
-8.461388587951660156e+00
3.478804349899291992e+00
-4.146894812583923340e-01
-5.182326793670654297e+00
-1.593071937561035156e+00
-1.571665555238723755e-01
-4.858489632606506348e-01
2.555750370025634766e+00
-1.317173600196838379e+00
-2.944069504737854004e-01
-5.321304202079772949e-01
1.580525040626525879e+00
-4.137199401855468750e+00
-4.977185428142547607e-01
-1.591438174247741699e+00
8.884888887405395508e-01
1.432235121726989746e+00
-6.368480205535888672e+00
-7.817696928977966309e-01
-3.584536790847778320e+00
9.873360395431518555e-01
3.002140045166015625e+00
-1.523359537124633789e+00
-5.071675777435302734e+00
-7.940316796302795410e-01
-4.813534259796142578e+00
2.654667496681213379e-01
2.312372028827667236e-01
-4.890327155590057373e-01
1.294055342674255371e+00
-3.136372327804565430e+00
2.828761376440525055e-02
3.674945116043090820e+00
1.167948246002197266e+00
2.353355884552001953e-01
3.699633836746215820e+00
-2.862149953842163086e+00
-8.407824039459228516e-01
-3.073282539844512939e-01
3.440888166427612305e+00
-7.033457756042480469e-01
-1.877224296331405640e-01
4.404445171356201172e+00
1.607623457908630371e+00
1.746633052825927734e+00
1.401067495346069336e+00
-3.947704076766967773e+00
3.629281818866729736e-01
-1.707634478807449341e-01
-5.503622889518737793e-01
1.179997682571411133e+00
7.393437385559082031e+00
1.967521786689758301e+00
4.290143847465515137e-01
1.463247179985046387e+00
-6.407073885202407837e-02
3.634415388107299805e+00
2.185180187225341797e+00
1.930753946304321289e+00
1.007204130291938782e-01
-1.805313229560852051e+00
-7.071294784545898438e-01
1.305707812309265137e+00
9.680637121200561523e-01
-1.848514080047607422e+00
2.119949102401733398e+00
1.786626935005187988e+00
1.239838600158691406e+00
-2.546301126480102539e+00
-4.714459180831909180e-01
-2.063183784484863281e+00
3.783834457397460938e+00
3.108206272125244141e+00
4.271304607391357422e+00
-2.062179803848266602e+00
4.554567933082580566e-01
2.110300779342651367e+00
3.681419134140014648e+00
-3.481267452239990234e+00
2.196327447891235352e+00
-1.425031781196594238e+00
1.708474993705749512e+00
-3.851752877235412598e-01
2.368363142013549805e+00
3.516673445701599121e-01
-1.183911323547363281e+00
-5.290354490280151367e-01
-1.059919834136962891e+00
3.114471912384033203e+00
-4.915605545043945312e+00
6.471639499068260193e-03
-8.946661949157714844e-01
2.295732259750366211e+00
-3.465504199266433716e-02
-9.446061253547668457e-01
-2.375148057937622070e+00
-1.542503714561462402e+00
-2.386956453323364258e+00
-5.377473831176757812e+00
-1.318314671516418457e+00
-2.270951271057128906e+00
-1.814546346664428711e+00
2.059186458587646484e+00
1.450356960296630859e+00
1.975958108901977539e+00
2.230898380279541016e+00
1.995809555053710938e+00
3.022984027862548828e+00
-2.368488788604736328e+00
-9.151794910430908203e-01
7.324057817459106445e-01
-1.779269099235534668e+00
2.255272626876831055e+00
2.511729300022125244e-01
1.165883541107177734e-01
2.444592565298080444e-01
2.146175384521484375e+00
5.578444004058837891e-01
-1.854207277297973633e+00
-4.948149204254150391e+00
7.878358364105224609e-01
-2.820234298706054688e+00
3.418649911880493164e+00
2.553118944168090820e+00
-1.814749121665954590e+00
5.266427993774414062e-01
-3.853256702423095703e-01
-3.269641995429992676e-01
8.411846309900283813e-02
7.120828330516815186e-02
-5.002434730529785156e+00
-1.188441038131713867e+00
-6.203371524810791016e+00
