8.169791221618652344e+00
-3.419615983963012695e+00
-8.350713253021240234e-01
1.686161518096923828e+00
2.494045972824096680e+00
7.863822460174560547e+00
-3.786228179931640625e+00
2.329915046691894531e+00
1.693920418620109558e-02
-6.462331295013427734e+00
-4.228132724761962891e+00
2.657201051712036133e+00
6.727124452590942383e-01
-8.577093482017517090e-01
-4.309689521789550781e+00
1.204159450531005859e+01
5.903698131442070007e-02
1.922914743423461914e+00
-2.134252071380615234e+00
-5.443679809570312500e+00
4.193110942840576172e+00
5.522630214691162109e+00
-6.470882892608642578e-02
5.458489418029785156e+00
3.425789356231689453e+00
3.355916261672973633e+00
5.332985401153564453e+00
4.268775582313537598e-01
-5.526075839996337891e+00
-7.093472003936767578e+00
3.034331798553466797e+00
-2.447661399841308594e+00
-2.595786094665527344e+00
-9.362230300903320312e-01
4.079698324203491211e-01
-1.325572609901428223e+00
-1.434805512428283691e+00
-1.260348260402679443e-01
-9.450853466987609863e-01
2.951751232147216797e+00
2.872277259826660156e+00
-1.895126223564147949e+00
3.842494964599609375e+00
1.047775030136108398e+00
4.949446320533752441e-01
2.154709547758102417e-01
2.579425096511840820e+00
-1.749606847763061523e+00
-7.777397632598876953e+00
-2.099671840667724609e+00
-3.186803340911865234e+00
-3.129234313964843750e+00
1.268829703330993652e+00
1.143159627914428711e+00
-7.740679979324340820e-01
-3.614898443222045898e+00
-4.676902294158935547e+00
-1.044111728668212891e+00
-3.734539508819580078e+00
2.618035793304443359e+00
2.991259574890136719e+00
1.745340466499328613e+00
-7.437605381011962891e+00
-1.259893476963043213e-01
-1.411447077989578247e-01
-3.570636272430419922e+00
-2.919775247573852539e-01
2.018137216567993164e+00
-5.106149196624755859e+00
2.965425014495849609e+00
-7.363729476928710938e-01
-8.718838691711425781e+00
-3.834642171859741211e-01
-1.058084487915039062e+00
-8.815569877624511719e-01
-2.669321775436401367e+00
-4.652327597141265869e-01
3.373022079467773438e+00
2.703441858291625977e+00
1.102646470069885254e+00
7.655960321426391602e-01
6.917958259582519531e+00
5.374310493469238281e+00
-2.300163030624389648e+00
-2.143316984176635742e+00
6.178948402404785156e+00
-1.495920538902282715e+00
-6.900942921638488770e-01
-6.501857638359069824e-01
6.648717880249023438e+00
4.844098567962646484e+00
3.338449478149414062e+00
-4.588153362274169922e+00
1.424771666526794434e+00
6.859496116638183594e+00
3.351083993911743164e-01
7.035222053527832031e-01
-5.650249004364013672e+00
1.279823422431945801e+00
-1.501739740371704102e+00
-1.439121842384338379e+00
-2.627558231353759766e+00
-3.111739635467529297e+00
-2.682349443435668945e+00
-1.883073747158050537e-01
5.157726764678955078e+00
-4.801247119903564453e+00
3.876532018184661865e-01
-4.360750913619995117e-01
1.367658615112304688e+00
8.900140523910522461e-01
3.704560756683349609e+00
1.258585453033447266e+00
5.769986510276794434e-01
4.481232643127441406e+00
-2.990739107131958008e+00
2.517663478851318359e+00
-3.036904096603393555e+00
-1.942974925041198730e+00
-1.362190604209899902e+00
1.453528881072998047e+00
5.313468933105468750e+00
-2.781693458557128906e+00
-1.535179257392883301e+00
4.979370117187500000e+00
-1.280857563018798828e+00
-3.619784116744995117e+00
-2.293104648590087891e+00
1.488303422927856445e+00
-1.172287106513977051e+00
1.989278495311737061e-01
1.322491407394409180e+00
-3.077452898025512695e+00
-4.507513523101806641e+00
1.235594153404235840e+00
-3.559333562850952148e+00
1.198484301567077637e+00
-1.758921980857849121e+00
2.712538480758666992e+00
1.196174547076225281e-01
-6.888306617736816406e+00
1.346154093742370605e+00
-1.136399984359741211e+00
-1.877701759338378906e+00
-3.803875744342803955e-01
3.307262897491455078e+00
1.220817327499389648e+00
-1.563883543014526367e+00
-1.474494814872741699e+00
-1.576410055160522461e+00
-1.322374701499938965e+00
-8.096973896026611328e-01
5.441574454307556152e-01
-2.339690625667572021e-01
-1.539981722831726074e+00
5.170934200286865234e+00
1.824172437191009521e-01
-4.089127779006958008e-01
1.590599298477172852e+00
-3.807627782225608826e-02
2.428784847259521484e+00
-4.792920112609863281e+00
5.583622455596923828e-01
5.912101268768310547e-01
-2.114659547805786133e-01
2.398062229156494141e+00
-1.203263401985168457e+00
-2.275045156478881836e+00
1.257173657417297363e+00
-2.092477306723594666e-02
-3.325954675674438477e+00
-1.148785114288330078e+00
-2.144313573837280273e+00
-1.641447067260742188e+00
-6.824498176574707031e-01
2.969888210296630859e+00
-7.396047592163085938e+00
-1.078197598457336426e+00
-1.552391409873962402e+00
5.486346483230590820e-01
-5.746565014123916626e-02
-1.706975221633911133e+00
-1.388048291206359863e+00
-1.847029328346252441e+00
-3.011605978012084961e+00
-2.296444416046142578e+00
4.785008728504180908e-01
-2.146467685699462891e+00
-1.679602146148681641e+00
-1.092884778976440430e+00
-2.970494270324707031e+00
-3.227482080459594727e+00
1.043662548065185547e+00
1.595964841544628143e-02
-1.837080836296081543e+00
-3.260628223419189453e+00
-3.261283874511718750e+00
-1.230251193046569824e+00
5.983874201774597168e-01
9.973487257957458496e-02
-3.876152038574218750e+00
-5.167584419250488281e+00
1.366942763328552246e+00
1.872436702251434326e-01
-2.113850593566894531e+00
9.515908360481262207e-01
1.418845176696777344e+00
2.967162847518920898e+00
-3.223099470138549805e+00
-2.422327518463134766e+00
3.420909404754638672e+00
2.087449789047241211e+00
5.120717525482177734e+00
4.514166355133056641e+00
3.319748878479003906e+00
-2.115078210830688477e+00
-2.802777290344238281e+00
2.193625211715698242e+00
-1.656938314437866211e+00
1.005818963050842285e+00
8.615363240242004395e-01
4.789022445678710938e+00
1.857118368148803711e+00
-6.615033745765686035e-01
1.661168694496154785e+00
-2.095718234777450562e-01
9.705106019973754883e-01
5.324862003326416016e-01
-2.813234806060791016e+00
-5.259557366371154785e-01
-6.759332180023193359e+00
2.986756563186645508e-01
6.514194011688232422e+00
3.888284683227539062e+00
1.436436653137207031e+00
1.745743900537490845e-01
1.079632163047790527e+00
-2.710334539413452148e+00
8.976794481277465820e-01
5.053587913513183594e+00
-2.788643836975097656e+00
1.660352230072021484e+00
-1.077050566673278809e+00
2.069609403610229492e+00
-4.391562461853027344e+00
2.861705541610717773e+00
-7.067453861236572266e-01
-1.825297355651855469e+00
-2.333065032958984375e+00
2.444447517395019531e+00
4.049713611602783203e+00
-4.017807960510253906e+00
1.437472224235534668e+00
-6.728937149047851562e+00
2.125064611434936523e+00
-3.272251367568969727e+00
-1.660396814346313477e+00
6.116496562957763672e+00
-3.092211484909057617e-01
-1.133142709732055664e+00
1.501616477966308594e+00
-2.292230129241943359e+00
-1.360412478446960449e+00
-6.259936094284057617e-01
2.351105928421020508e+00
2.596526384353637695e+00
-5.679816007614135742e-01
4.705165863037109375e+00
-3.819823637604713440e-02
-3.383325815200805664e+00
7.740520954132080078e+00
1.353847980499267578e+00
2.760037660598754883e+00
-2.593529939651489258e+00
3.643467426300048828e-01
1.796362876892089844e+00
-1.251187771558761597e-01
-2.476475000381469727e+00
-6.130200028419494629e-01
1.717147231101989746e+00
-2.595228672027587891e+00
4.364633083343505859e+00
-3.761750698089599609e+00
-6.751258373260498047e+00
1.636780142784118652e+00
2.456443786621093750e+00
2.899023771286010742e+00
2.749398231506347656e+00
-2.272993087768554688e+00
1.011698603630065918e+00
3.868390083312988281e+00
8.409141302108764648e-01
-1.592164397239685059e+00
-2.912237882614135742e+00
2.931473731994628906e+00
-5.554255247116088867e-01
-1.776957988739013672e+00
5.080517768859863281e+00
1.930157065391540527e+00
6.841021180152893066e-01
1.994651675224304199e+00
-2.621646642684936523e+00
-2.555134534835815430e+00
-2.194737434387207031e+00
1.923681735992431641e+00
1.678268194198608398e+00
9.671893715858459473e-01
-1.820750087499618530e-01
1.922625064849853516e+00
1.786058783531188965e+00
5.855379104614257812e+00
3.878582954406738281e+00
7.507794499397277832e-01
1.066508531570434570e+00
1.168620586395263672e+00
-2.809996604919433594e+00
-1.198181748390197754e+00
-7.075347304344177246e-01
3.536985635757446289e+00
-3.693026900291442871e-01
-1.882516622543334961e+00
1.961202979087829590e+00
-2.453344613313674927e-01
-3.866735458374023438e+00
-3.289862871170043945e+00
-3.274168670177459717e-01
2.315028429031372070e+00
-1.700871706008911133e+00
4.239409923553466797e+00
3.767859935760498047e+00
-1.147972941398620605e+00
2.841419696807861328e+00
3.655023336410522461e+00
2.018119573593139648e+00
-1.659002661705017090e+00
4.892467975616455078e+00
6.474657058715820312e+00
3.062916994094848633e+00
1.041798114776611328e+00
1.052080273628234863e+00
3.497003912925720215e-01
3.032981395721435547e+00
2.731754064559936523e+00
2.599969387054443359e+00
-3.300957918167114258e+00
-2.080722332000732422e+00
-2.662091732025146484e+00
9.318467974662780762e-01
-5.684295296669006348e-01
-5.407819747924804688e-01
-5.174826145172119141e+00
-2.050938606262207031e+00
-2.211302518844604492e-01
-3.138000726699829102e+00
-5.418700218200683594e+00
-2.198378324508666992e+00
-3.640040874481201172e+00
2.425459176301956177e-01
3.761540055274963379e-01
1.590640306472778320e+00
-2.532984256744384766e+00
-5.183049678802490234e+00
5.052113533020019531e-01
-2.226391553878784180e+00
-5.903470993041992188e+00
2.910229206085205078e+00
2.382608413696289062e+00
-2.224912166595458984e+00
1.579776287078857422e+00
2.887493968009948730e-01
-4.962450504302978516e+00
3.332451343536376953e+00
-3.595222830772399902e-01
-9.189404547214508057e-02
5.365790367126464844e+00
2.898768663406372070e+00
7.354174137115478516e+00
4.184726715087890625e+00
8.860387802124023438e-01
-2.240933895111083984e+00
2.151222079992294312e-01
-1.059924662113189697e-01
-1.132798433303833008e+00
-1.740026473999023438e+00
-2.950589895248413086e+00
-1.359988689422607422e+00
1.676802277565002441e+00
4.709280967712402344e+00
5.112743973731994629e-01
-1.083252072334289551e+00
4.151088714599609375e+00
-4.677971839904785156e+00
1.263929724693298340e+00
4.817062377929687500e+00
2.062378823757171631e-01
7.612219810485839844e+00
-1.013051509857177734e+01
-9.427024722099304199e-01
-8.533066511154174805e-01
-2.184889316558837891e+00
-6.172720909118652344e+00
-9.342268705368041992e-01
-2.525155305862426758e+00
-3.503962993621826172e+00
6.779160499572753906e-01
-4.675760746002197266e+00
2.574768066406250000e+00
2.941411018371582031e+00
2.538552522659301758e+00
-3.889426469802856445e+00
5.802672386169433594e+00
-6.630239486694335938e-01
-4.208347320556640625e+00
5.357764363288879395e-01
-2.410986423492431641e+00
5.309434533119201660e-01
7.620114803314208984e+00
-2.391595840454101562e+00
-2.414455652236938477e+00
1.595883965492248535e+00
-3.993736207485198975e-01
2.879338502883911133e+00
-9.579613208770751953e-01
-6.979781627655029297e+00
2.799661636352539062e+00
3.067826271057128906e+00
-3.453663349151611328e+00
-2.574783086776733398e+00
2.678480148315429688e+00
6.717738151550292969e+00
1.402477979660034180e+00
-1.238540172576904297e+00
-4.056743621826171875e+00
4.854691028594970703e+00
-4.641562938690185547e+00
-2.706216812133789062e+00
3.547557353973388672e+00
2.006614923477172852e+00
1.082183361053466797e+00
9.027962088584899902e-01
3.699731826782226562e-01
-1.084405332803726196e-01
-4.883045256137847900e-01
3.663769006729125977e+00
2.960439920425415039e+00
3.344714879989624023e+00
4.780690371990203857e-01
3.090657472610473633e+00
2.435071706771850586e+00
1.431525349617004395e+00
1.272293925285339355e+00
-4.014362335205078125e+00
-3.431183338165283203e+00
3.551563978195190430e+00
1.202346444129943848e+00
-1.199862480163574219e+00
-2.884985923767089844e+00
-5.515388011932373047e+00
-3.184389591217041016e+00
-3.550212979316711426e-01
-6.920038700103759766e+00
1.228624224662780762e+00
1.309213876724243164e+00
2.007921934127807617e+00
1.972012639045715332e+00
1.109458923339843750e+00
2.398891448974609375e+00
-2.555903911590576172e+00
-1.542075425386428833e-01
-1.323585957288742065e-01
-4.853098392486572266e+00
-2.272167444229125977e+00
3.082548856735229492e+00
-1.985711336135864258e+00
4.467971324920654297e+00
2.802264213562011719e+00
-1.743512630462646484e+00
-2.558848857879638672e+00
-1.742763757705688477e+00
-4.162812829017639160e-01
-5.953931212425231934e-01
-4.324041366577148438e+00
3.608673810958862305e+00
3.621341943740844727e+00
3.087129831314086914e+00
1.768643856048583984e+00
1.875365674495697021e-01
-3.821976423263549805e+00
-1.065011215209960938e+01
2.797023057937622070e-01
3.699372291564941406e+00
-2.760618448257446289e+00
-1.779366612434387207e+00
-1.829162001609802246e+00
1.967759609222412109e+00
7.310367226600646973e-01
-4.498637676239013672e+00
-4.601152896881103516e+00
-7.403281211853027344e+00
-3.860234498977661133e+00
3.751331806182861328e+00
-6.490196585655212402e-01
3.998395681381225586e+00
4.724349498748779297e+00
-2.253686428070068359e+00
-2.703122615814208984e+00
2.460817575454711914e+00
1.388720273971557617e+00
-4.594923555850982666e-01
2.896822452545166016e+00
-5.559424877166748047e+00
-1.754180669784545898e+00
4.217167377471923828e+00
3.408915758132934570e+00
1.270243287086486816e+00
1.172883868217468262e+00
5.217792510986328125e+00
1.282692074775695801e+00
-4.958009719848632812e+00
-1.613826513290405273e+00
5.397074699401855469e+00
5.721329689025878906e+00
-2.713443279266357422e+00
-2.438920259475708008e+00
-6.658638954162597656e+00
-1.764867305755615234e+00
-1.504341483116149902e+00
-3.238277435302734375e+00
-2.635292530059814453e+00
2.234152317047119141e+00
3.694837331771850586e+00
2.682586431503295898e+00
-1.247454404830932617e+00
-2.993087172508239746e-01
1.483476758003234863e+00
4.520053863525390625e+00
1.929033994674682617e+00
-2.049481719732284546e-01
2.395835399627685547e+00
3.348146677017211914e+00
1.114690899848937988e+00
-2.138718605041503906e+00
7.882426977157592773e-01
-4.678126335144042969e+00
1.044737696647644043e+00
1.571949720382690430e+00
-4.175193786621093750e+00
3.429924488067626953e+00
1.286513090133666992e+00
2.081425189971923828e+00
2.252353876829147339e-01
-6.646935343742370605e-01
9.303460121154785156e+00
-2.555586814880371094e+00
5.256414890289306641e+00
-3.081925153732299805e+00
1.604127287864685059e+00
-2.213892489671707153e-01
3.070246875286102295e-01
-1.983425378799438477e+00
1.251205921173095703e+00
-1.217760086059570312e+00
2.768335342407226562e+00
-5.469039678573608398e-01
-3.744803965091705322e-01
1.547326326370239258e+00
1.349038481712341309e+00
1.679887652397155762e+00
3.826916217803955078e-01
8.920725435018539429e-02
4.621158599853515625e+00
3.954831361770629883e-01
3.248472930863499641e-03
3.573152542114257812e+00
1.018773436546325684e+00
-5.963347911834716797e+00
-1.914880514144897461e+00
1.326705694198608398e+00
-5.172607898712158203e+00
1.359606027603149414e+00
2.740446567535400391e+00
-3.498200699687004089e-02
-5.607174873352050781e+00
4.654971599578857422e+00
-2.547484636306762695e+00
9.230518341064453125e-01
3.784598350524902344e+00
3.397789001464843750e+00
-2.612875699996948242e+00
-3.194535255432128906e+00
6.131258010864257812e-01
-5.003912925720214844e+00
1.363994717597961426e+00
-1.888147234916687012e+00
5.423182964324951172e+00
4.894855976104736328e+00
-1.655115365982055664e+00
-2.189313918352127075e-01
-4.038794517517089844e+00
1.904227972030639648e+00
1.634285449981689453e+00
5.419063091278076172e+00
-1.547413226217031479e-02
-2.281136035919189453e+00
4.414268970489501953e+00
-1.604173421859741211e+00
-2.963367700576782227e+00
-1.508342474699020386e-01
-3.791820049285888672e+00
5.227947711944580078e+00
-2.270996332168579102e+00
2.099189281463623047e+00
2.733786106109619141e+00
-3.250466883182525635e-01
4.406354904174804688e+00
-3.349903106689453125e+00
-2.352573156356811523e+00
2.866679906845092773e+00
-3.320023536682128906e+00
-3.622055530548095703e+00
-2.359197854995727539e+00
-1.325101375579833984e+00
9.576467424631118774e-02
5.621812343597412109e+00
2.065195560455322266e+00
3.660056352615356445e+00
-2.905253171920776367e+00
-1.456334471702575684e+00
1.505685091018676758e+00
-4.725280404090881348e-01
2.890363931655883789e+00
-1.213567137718200684e+00
1.141588211059570312e+00
4.370038509368896484e+00
2.957333564758300781e+00
3.976935386657714844e+00
-4.497865676879882812e+00
-5.004459023475646973e-01
6.322569847106933594e-01
-1.832101583480834961e+00
-8.480733633041381836e-01
-1.731213808059692383e+00
4.932363510131835938e+00
2.333497047424316406e+00
-1.352604866027832031e+00
1.182865262031555176e+00
-5.884556770324707031e-01
9.151401519775390625e-01
3.695318937301635742e+00
-2.316150426864624023e+00
2.463188171386718750e-01
3.271065950393676758e+00
-1.155353263020515442e-01
3.717499732971191406e+00
-2.178616285324096680e+00
3.215690702199935913e-02
-3.132421493530273438e+00
2.389167070388793945e+00
3.794024467468261719e+00
-4.846885204315185547e+00
1.247308105230331421e-01
-2.128329515457153320e+00
-3.857463359832763672e+00
1.761800885200500488e+00
1.096135824918746948e-01
-5.004854202270507812e+00
2.827641010284423828e+00
2.951674699783325195e+00
5.509071350097656250e+00
-2.096383094787597656e+00
-1.026674866676330566e+00
-7.065408229827880859e-01
3.487456440925598145e-01
3.152631521224975586e-01
2.540377378463745117e+00
-2.643410682678222656e+00
-1.669254064559936523e+00
1.618314623832702637e+00
1.812390804290771484e+00
-2.523924827575683594e+00
-4.411509037017822266e+00
1.835512757301330566e+00
6.355040073394775391e+00
-2.761857986450195312e+00
1.633574515581130981e-01
-1.149487733840942383e+00
4.318853020668029785e-01
-5.560735464096069336e-01
4.182332515716552734e+00
-4.847612857818603516e+00
3.287204802036285400e-01
2.689056158065795898e+00
-7.154400944709777832e-01
-3.784460067749023438e+00
1.527144670486450195e+00
2.968062877655029297e+00
-1.041314005851745605e+00
1.537439584732055664e+00
-1.211044549942016602e+00
-1.217168450355529785e+00
-3.876647710800170898e+00
-2.295096397399902344e+00
1.721950292587280273e+00
1.701805144548416138e-01
-3.392803907394409180e+00
-4.381895542144775391e+00
-8.873558044433593750e+00
-2.254406690597534180e+00
-1.400685667991638184e+00
-7.640360295772552490e-02
6.324695944786071777e-01
-2.015043020248413086e+00
-4.424688339233398438e+00
6.053132534027099609e+00
1.493535041809082031e+00
2.300696372985839844e+00
1.169643878936767578e+00
2.033797025680541992e+00
-3.265544652938842773e+00
-2.840016126632690430e+00
-1.236589550971984863e-01
-4.378631591796875000e+00
7.857150077819824219e+00
2.843245267868041992e+00
1.042688608169555664e+00
1.019649952650070190e-01
2.186841249465942383e+00
3.590642690658569336e+00
-1.368795275688171387e+00
2.145130872726440430e+00
4.439626693725585938e+00
-3.865526914596557617e-01
4.794671535491943359e+00
-6.728146672248840332e-01
4.893189668655395508e-01
-2.508912324905395508e+00
4.180742263793945312e+00
-1.768937826156616211e+00
-1.880944728851318359e+00
1.552154541015625000e+00
4.404957771301269531e+00
1.516398787498474121e-01
-2.835325956344604492e+00
-3.212954282760620117e+00
-4.209650516510009766e+00
2.987643003463745117e+00
-2.928157329559326172e+00
7.651318907737731934e-01
2.720205307006835938e+00
-2.858045578002929688e+00
9.199715256690979004e-01
-3.583949327468872070e+00
1.251244187355041504e+00
-1.143244862556457520e+00
-4.259159088134765625e+00
-1.896196484565734863e+00
-4.824527263641357422e+00
7.567496299743652344e+00
-2.161208391189575195e+00
-1.470776200294494629e+00
-7.333816885948181152e-01
-2.653786420822143555e+00
-4.042238369584083557e-02
1.952564835548400879e+00
1.469363927841186523e+00
-1.005625009536743164e+00
-4.782721698284149170e-01
-2.648126602172851562e+00
-3.551559448242187500e+00
1.417182683944702148e+00
2.206594049930572510e-01
2.047673225402832031e+00
-3.082739830017089844e+00
-5.279660224914550781e-01
2.695188522338867188e+00
-1.818693399429321289e+00
-7.723993062973022461e-01
-5.074254035949707031e+00
-7.711009979248046875e+00
-4.660512924194335938e+00
9.690209627151489258e-01
4.737022876739501953e+00
-2.038671493530273438e+00
2.615734040737152100e-01
-4.346517086029052734e+00
2.514968156814575195e+00
2.237510919570922852e+00
1.491465449333190918e+00
-1.043609023094177246e+00
6.258625984191894531e-01
4.995643198490142822e-01
1.323302268981933594e+00
2.356893777847290039e+00
4.324718475341796875e+00
-5.168178081512451172e+00
2.638251781463623047e+00
-3.560743093490600586e+00
2.544627189636230469e+00
1.414734005928039551e+00
-2.243724465370178223e-01
-7.180846691131591797e+00
6.439404934644699097e-02
-3.641039609909057617e+00
1.567415475845336914e+00
7.410867512226104736e-02
4.857016354799270630e-02
-3.958770275115966797e+00
5.549877643585205078e+00
-1.955110311508178711e+00
-1.597666144371032715e+00
5.032415866851806641e+00
2.257305860519409180e+00
-4.439495086669921875e+00
2.914533853530883789e+00
6.622025966644287109e-01
2.047776699066162109e+00
-2.661791324615478516e+00
4.837656497955322266e+00
-3.136192321777343750e+00
5.443646907806396484e-01
4.597045421600341797e+00
9.050750136375427246e-01
2.925046682357788086e+00
1.724781394004821777e+00
-1.402919173240661621e+00
5.397190093994140625e+00
-2.105938434600830078e+00
9.028565287590026855e-01
-8.886352777481079102e-01
4.014473438262939453e+00
7.434674501419067383e-01
1.343522518873214722e-01
4.509116172790527344e+00
3.239725351333618164e+00
1.778921723365783691e+00
-1.741337031126022339e-01
1.311890959739685059e+00
-6.092168856412172318e-03
2.982178449630737305e+00
8.338275909423828125e+00
8.164851069450378418e-01
1.675291299819946289e+00
6.871198177337646484e+00
5.079089164733886719e+00
1.944082677364349365e-01
3.174349308013916016e+00
7.209456920623779297e+00
-5.261872410774230957e-01
3.816509962081909180e+00
-6.636856198310852051e-01
4.018983364105224609e+00
-1.212517380714416504e+00
-1.930052399635314941e+00
-3.937819242477416992e+00
-5.437503814697265625e+00
-2.376349210739135742e+00
-2.991582393646240234e+00
2.331515550613403320e+00
-4.286623954772949219e+00
-4.846749007701873779e-01
-2.504808187484741211e+00
9.107880294322967529e-03
-4.229480743408203125e+00
2.294137001037597656e+00
4.172904416918754578e-02
2.625775098800659180e+00
1.654897332191467285e+00
4.538770198822021484e+00
-5.270148813724517822e-02
-4.208207726478576660e-01
6.012327194213867188e+00
-4.484084606170654297e+00
4.115691184997558594e+00
1.076430559158325195e+00
-4.645376682281494141e+00
9.190971404314041138e-02
-1.678020358085632324e+00
3.569868803024291992e+00
-4.202628135681152344e-01
3.957222700119018555e+00
3.301474809646606445e+00
1.686829805374145508e+00
1.750265955924987793e+00
-4.893632888793945312e+00
1.191717028617858887e+00
1.991509079933166504e+00
6.554293036460876465e-01
1.726593613624572754e+00
-3.713848352432250977e+00
-1.157383441925048828e+00
-1.993317604064941406e+00
-3.371539592742919922e+00
1.070229172706604004e+00
2.538965046405792236e-01
-7.403536796569824219e+00
-2.742020130157470703e+00
-2.022012472152709961e+00
1.010133385658264160e+00
-2.292561978101730347e-01
-9.945872426033020020e-01
-6.133581995964050293e-01
-1.836616992950439453e+00
1.955555558204650879e+00
-3.267634287476539612e-02
-4.873747825622558594e-01
-2.088997811079025269e-01
3.713927268981933594e+00
1.962034344673156738e+00
-1.160186171531677246e+00
-3.407127618789672852e+00
-2.366441488265991211e+00
1.334121823310852051e+00
4.674411118030548096e-01
-1.746802926063537598e+00
1.297225117683410645e+00
1.057625770568847656e+00
-5.850111007690429688e+00
-1.314975380897521973e+00
2.302599668502807617e+00
2.779273509979248047e+00
1.589394927024841309e+00
-3.966715037822723389e-01
1.774843096733093262e+00
4.989587306976318359e+00
2.521455287933349609e+00
3.684342384338378906e+00
4.275353431701660156e+00
-2.966624736785888672e+00
-4.070150852203369141e+00
-5.803339481353759766e+00
3.947461843490600586e+00
7.386031746864318848e-02
2.772150278091430664e+00
4.879721641540527344e+00
-1.243726372718811035e+00
2.593964636325836182e-01
2.761838398873806000e-02
-2.213491678237915039e+00
-1.237274408340454102e+00
5.496677756309509277e-01
-2.515109062194824219e+00
1.687320232391357422e+00
2.732467412948608398e+00
2.573747158050537109e+00
-6.554451584815979004e-01
-6.198207661509513855e-02
-3.952743053436279297e+00
-6.217657327651977539e-01
3.296110630035400391e+00
4.806944847106933594e+00
-1.049852132797241211e+00
-2.610810995101928711e+00
-1.869642972946166992e+00
2.825499296188354492e+00
-1.798622161149978638e-01
-8.063064813613891602e-01
2.972678184509277344e+00
1.537689924240112305e+00
7.871912121772766113e-01
5.095145106315612793e-01
-4.212674617767333984e+00
-3.740241050720214844e+00
1.453551769256591797e+00
4.018868446350097656e+00
2.499804258346557617e+00
-1.921758055686950684e+00
7.678223609924316406e+00
-1.236994743347167969e+00
-1.787855982780456543e+00
7.334545999765396118e-02
-2.002564072608947754e-01
-7.866783142089843750e-01
3.117704153060913086e+00
1.325357437133789062e+00
-1.427265405654907227e+00
3.552938222885131836e+00
-1.594908237457275391e+00
-3.275225400924682617e+00
-2.698939323425292969e+00
1.289221882820129395e+00
-6.539244055747985840e-01
1.634283810853958130e-01
-1.092090487480163574e+00
2.913071215152740479e-01
-7.411089539527893066e-01
3.251358270645141602e+00
-4.321929931640625000e+00
2.661656618118286133e+00
-2.119944095611572266e+00
-5.375595569610595703e+00
1.924962639808654785e+00
5.697522163391113281e-01
1.406137943267822266e+00
2.213323593139648438e+00
-3.233562707901000977e+00
6.314565658569335938e+00
3.256735563278198242e+00
2.790910482406616211e+00
1.397902488708496094e+00
-3.859101772308349609e+00
3.090230822563171387e-01
-1.926148176193237305e+00
-3.298568010330200195e+00
1.868460893630981445e+00
1.563948988914489746e+00
-6.996734142303466797e-01
-1.388345241546630859e+00
-6.451496481895446777e-01
1.887442231178283691e+00
-1.151356339454650879e+00
-2.837473630905151367e+00
9.719683229923248291e-02
-2.112091064453125000e+00
3.322095155715942383e+00
-3.898420035839080811e-01
1.295915484428405762e+00
8.127354383468627930e-01
-2.563349246978759766e+00
-2.792664289474487305e+00
-4.135371685028076172e+00
-1.639051139354705811e-01
-3.372457027435302734e-01
-2.416261434555053711e-01
-4.064556121826171875e+00
